extended_exposure_data.ecsv
# %ECSV 1.0
# ---
# datatype:
# - {name: EXPID, datatype: int64}
# - {name: MJD, datatype: float64}
# - {name: TIMESTAMP, datatype: string}
# - {name: EXPTIME, datatype: float64}
# - {name: SURVEY, datatype: string}
# - {name: PROGRAM, datatype: string}
# - {name: MOUNT_EL, datatype: float64}
# - {name: MOUNT_AZ, datatype: float64}
# - {name: WIND_GUST_SUM, datatype: float64}
# - {name: WIND_SHAKE_SUM, datatype: float64}
# - {name: WIND_SPEED_AVG, datatype: float64}
# - {name: WIND_SPEED_STD, datatype: float64}
# - {name: WIND_DIRECTION_AVG, datatype: float64}
# - {name: WIND_DIRECTION_STD, datatype: float64}
# - {name: GUST_AVG, datatype: float64}
# - {name: GUST_STD, datatype: float64}
# - {name: WIND_OPENING_ANGLE, datatype: float64}
# meta: !!omap
# - __serialized_columns__:
#     TIMESTAMP:
#       __class__: astropy.time.core.Time
#       format: isot
#       in_subfmt: '*'
#       out_subfmt: '*'
#       precision: 3
#       scale: utc
#       value: !astropy.table.SerializedColumn {name: TIMESTAMP}
# schema: astropy-2.0
EXPID MJD TIMESTAMP EXPTIME SURVEY PROGRAM MOUNT_EL MOUNT_AZ WIND_GUST_SUM WIND_SHAKE_SUM WIND_SPEED_AVG WIND_SPEED_STD WIND_DIRECTION_AVG WIND_DIRECTION_STD GUST_AVG GUST_STD WIND_OPENING_ANGLE
[from data line 10124]
166894 59985.08331 2023-02-10T01:59:57.984 604.653381 main BACKUP 32.085096 179.920141 0.0 0.0 20.559999465942383 0.618869960308075 336.8999938964844 1.4300347566604614 16.939998626708984 0.6426507830619812 156.97985289648437
166895 59985.091857 2023-02-10T02:12:16.445 605.815735 main BACKUP 30.566141 168.490647 2.0 0.0 21.380001068115234 0.7791021466255188 339.2200012207031 2.7012929916381836 17.299999237060547 0.9565559029579163 170.72935422070313
166896 59985.100156 2023-02-10T02:24:13.478 612.000122 main BACKUP 39.205478 175.0089 1.0 1.0 23.880001068115234 1.3971397876739502 340.17999267578125 1.3292793035507202 20.220001220703125 1.1256113052368164 165.17109267578124
166897 59985.108934 2023-02-10T02:36:51.898 1084.372437 main BRIGHT 48.938826 205.482447 0.0 0.0 23.799999237060547 1.2351980209350586 338.9375 1.4242182970046997 19.212501525878906 1.831032395362854 133.455053
166898 59985.122296 2023-02-10T02:56:06.374 604.252502 main BRIGHT 46.98573 211.968493 0.0 0.0 19.919998168945312 2.370021343231201 340.1600036621094 3.6902568340301514 17.260000228881836 4.17887544631958 128.19151066210938
166899 59985.132586 2023-02-10T03:10:55.430 611.98053 main BACKUP 53.867702 156.019359 13.0 6.0 21.780000686645508 0.7791024446487427 346.32000732421875 4.912430286407471 18.899999618530273 1.3304134607315063 169.69935167578126
166900 59985.141463 2023-02-10T03:23:42.403 605.019165 main BACKUP 31.355219 176.285345 34.0 18.0 23.700000762939453 1.6462080478668213 295.8600158691406 59.24658966064453 20.079998016357422 1.1734565496444702 119.57467086914062
166901 59985.150763 2023-02-10T03:37:05.923 480.537903 main BRIGHT 52.687995 106.484877 2.0 1.0 21.325000762939453 0.6701996922492981 74.92500305175781 68.17132568359375 17.44999885559082 1.690167784690857 31.559873948242185
166902 59985.157754 2023-02-10T03:47:09.946 1294.071045 main DARK 51.25048 101.170848 1.0 1.0 26.0181827545166 1.4476314783096313 336.3545227050781 21.89668083190918 21.627273559570312 1.020872950553894 124.81632529492188
166903 59985.173529 2023-02-10T04:09:52.906 1322.415894 main DARK 55.888234 105.646156 0.0 0.0 27.009998321533203 1.3560154438018799 330.510009765625 33.473121643066406 21.959997177124023 1.6331290006637573 135.13614623437502
166904 59985.19004 2023-02-10T04:33:39.456 1151.800781 main DARK 56.269658 111.653398 1.0 1.0 27.19999885559082 2.4315638542175293 32.94444274902344 32.142459869384766 22.422222137451172 2.0388588905334473 78.70895525097656
166905 59985.204172 2023-02-10T04:54:00.461 1157.24231 main DARK 60.127272 117.117371 3.0 2.0 24.744443893432617 1.1822764873504639 34.122222900390625 14.430418014526367 18.68889045715332 3.6171274185180664 82.99514809960938
166906 59985.218379 2023-02-10T05:14:27.946 752.328003 main DARK 63.897196 124.04055 6.0 1.0 22.25 1.3736813068389893 53.64999771118164 4.621147155761719 17.200000762939453 0.9959920644760132 70.39055228881836
166907 59985.228512 2023-02-10T05:29:03.437 338.15625 main BRIGHT 53.814724 126.005463 11.0 6.0 20.16666603088379 1.4364302158355713 71.26666259765625 6.404944896697998 16.066665649414062 1.5947829484939575 54.738800402343756
166908 59985.233645 2023-02-10T05:36:26.928 1081.181519 main BRIGHT 60.996872 128.606878 65.0 39.0 24.037498474121094 0.7818250060081482 82.0625 2.1862800121307373 18.987499237060547 0.3833591938018799 46.544377999999995
166909 59985.247291 2023-02-10T05:56:05.942 924.655945 main BRIGHT 61.801189 131.312023 1.0 1.0 21.285715103149414 3.199702739715576 86.67143249511719 3.95588755607605 15.871428489685059 3.1180732250213623 44.64059050488282
166910 59985.259137 2023-02-10T06:13:09.437 1246.917847 main BRIGHT 62.073484 133.234035 0.0 0.0 11.600000381469727 1.890913963317871 87.98999786376953 8.722824096679688 8.359999656677246 1.5875906944274902 45.244037136230475
166911 59985.274374 2023-02-10T06:35:05.914 463.421539 main BRIGHT 65.148607 143.010484 2.0 1.0 9.933333396911621 0.9073775410652161 57.5333366394043 2.470491409301758 8.233332633972168 2.285461187362671 85.4771473605957
166912 59985.282146 2023-02-10T06:46:17.414 611.580505 main BACKUP 59.495583 161.288196 1.0 1.0 8.5600004196167 1.2461944818496704 80.68000793457031 7.916247844696045 6.9200005531311035 0.8378543853759766 80.60818806542969
166913 59985.29063 2023-02-10T06:58:30.432 605.096436 main BACKUP 50.890659 179.352845 2.0 1.0 13.574999809265137 2.2336442470550537 89.82500457763672 2.6600451469421387 10.800000190734863 1.8885620832443237 89.52784042236328
166914 59985.2989 2023-02-10T07:10:24.960 610.846985 main BACKUP 54.165172 169.994417 1.0 1.0 16.399999618530273 1.077033281326294 87.46000671386719 1.4825648069381714 12.500000953674316 2.1874642372131348 82.53441028613281
166915 59985.309039 2023-02-10T07:25:00.970 611.180115 main BACKUP 65.861156 170.912477 0.0 0.0 11.420000076293945 3.3877720832824707 82.8800048828125 19.361867904663086 8.880000114440918 3.3663036823272705 88.0324721171875
166916 59985.317337 2023-02-10T07:36:57.917 604.991577 main BACKUP 72.021854 175.954635 0.0 0.0 8.739999771118164 1.23409903049469 67.04000091552734 18.439983367919922 8.079999923706055 1.80748450756073 108.91463408447265
166917 59985.325502 2023-02-10T07:48:43.373 611.029968 main BACKUP 74.974892 179.845333 0.0 0.0 14.524999618530273 3.707087755203247 95.92500305175781 2.623450756072998 13.199999809265137 2.507322072982788 83.9203299482422
166918 59985.334016 2023-02-10T08:00:58.982 419.49527 main BACKUP 86.136522 157.649407 0.0 0.0 14.375 1.941434383392334 90.27499389648438 2.0072760581970215 11.5 1.3140268325805664 67.37441310351562
166919 59985.340885 2023-02-10T08:10:52.464 950.711853 main BRIGHT 77.465101 49.555973 0.0 0.0 14.074999809265137 2.4341323375701904 89.57499694824219 6.850390434265137 11.41249942779541 2.2868802547454834 40.019023948242186
166920 59985.35269 2023-02-10T08:27:52.416 823.544861 main BRIGHT 79.956023 39.029422 0.0 0.0 19.27142906188965 1.8273062705993652 89.77142333984375 4.8821845054626465 15.800000190734863 1.8402899503707886 50.74200133984375
166921 59985.363327 2023-02-10T08:43:11.453 580.961853 main BACKUP 83.477776 12.470462 0.0 0.0 26.275001525878906 0.29860812425613403 89.5250015258789 1.545691728591919 21.22500228881836 0.36855632066726685 77.05453952587891
166922 59985.371232 2023-02-10T08:54:34.445 404.987762 main BACKUP 81.234846 10.765254 0.0 0.0 23.400001525878906 0.6999998092651367 88.9333267211914 2.369248867034912 17.600000381469727 0.7810246348381042 78.16807272119141
166923 59985.377395 2023-02-10T09:03:26.928 1001.152039 main BRIGHT 70.789634 23.451366 0.0 0.0 22.325000762939453 0.7045767307281494 92.30000305175781 1.3016468286514282 17.412500381469727 0.8903247714042664 68.8486370517578
166924 59985.390161 2023-02-10T09:21:49.910 890.878235 main BRIGHT 73.763902 31.274765 0.0 0.0 21.39999771118164 1.3904438018798828 91.4000015258789 2.4671175479888916 16.242856979370117 1.602973222732544 60.125236525878904
166925 59985.401637 2023-02-10T09:38:21.437 585.495605 main BRIGHT 72.584149 28.845365 0.0 0.0 18.524999618530273 0.5678908824920654 98.07499694824219 2.9341397285461426 14.199999809265137 0.75718754529953 69.22963194824219
166926 59985.409577 2023-02-10T09:49:47.453 834.95929 main BRIGHT 69.133208 17.124332 1.0 0.0 15.828572273254395 2.0246100425720215 90.37142181396484 4.529794216156006 11.942855834960938 1.8017187118530273 73.24708981396485
166927 59985.420433 2023-02-10T10:05:25.411 1517.439575 main BRIGHT 71.301285 20.236478 0.0 0.0 9.874999046325684 1.7326409816741943 94.16667938232422 5.9513702392578125 8.049999237060547 1.6800973415374756 73.93020138232421
166928 59985.439183 2023-02-10T10:32:25.411 1186.167358 main BRIGHT 71.236499 16.526226 0.0 0.0 9.660000801086426 2.08603835105896 98.66000366210938 4.950240612030029 7.429999351501465 1.7327243089675903 82.13377766210937
166929 59985.45372 2023-02-10T10:53:21.408 62.721191 main BRIGHT 72.109727 6.223988 0.0 0.0 5.400000095367432 "" 123.4000015258789 "" 4.0 "" 117.1760135258789
166930 59985.456932 2023-02-10T10:57:58.925 605.105591 main BACKUP 64.670149 15.559985 1.0 0.0 4.679999828338623 0.7823042273521423 110.4000015258789 6.317831516265869 3.380000352859497 0.7661592364311218 94.84001652587891
166931 59985.465266 2023-02-10T11:09:58.982 578.953552 main BACKUP 72.219658 357.254364 1.0 0.0 6.800000190734863 2.1939311027526855 99.9000015258789 14.455681800842285 6.0 1.6673331260681152 102.6456375258789
166932 59985.473356 2023-02-10T11:21:37.958 388.31488 main BACKUP 68.205962 13.834702 2.0 0.0 9.850000381469727 0.9036960601806641 94.67500305175781 1.2815991640090942 7.400000095367432 1.4764825105667114 80.84030105175782
166933 59985.479079 2023-02-10T11:29:52.426 669.993225 main BRIGHT 75.386714 4.927813 1.0 0.0 11.699999809265137 1.5504839420318604 93.41666412353516 2.2426929473876953 9.5 1.000000238418579 88.48885112353516
166934 59985.48813 2023-02-10T11:42:54.432 1263.97168 main BRIGHT 66.144362 7.775836 1.0 1.0 9.75 2.721621036529541 94.74000549316406 4.578986167907715 7.650000095367432 1.932902216911316 86.96416949316406
166936 59985.503877 2023-02-10T12:05:34.973 911.80011 main BRIGHT 69.453997 5.022071 0.0 0.0 10.585714340209961 2.684169054031372 91.21428680419922 5.474008560180664 7.599999904632568 2.4953291416168213 86.19221580419922
166937 59985.515642 2023-02-10T12:22:31.469 1167.552979 main BRIGHT 71.168069 10.306482 0.0 0.0 9.379999160766602 1.8943190574645996 92.55999755859375 3.5390520095825195 7.210000514984131 1.5708808898925781 82.25351555859375
166938 59985.530358 2023-02-10T12:43:42.931 827.628296 main BRIGHT 71.951145 10.378221 0.0 0.0 11.642857551574707 2.0815515518188477 94.62857818603516 4.441364765167236 9.228570938110352 1.7308131456375122 84.25035718603516
166939 59985.54107 2023-02-10T12:59:08.448 678.446533 main BRIGHT 75.639744 7.960011 0.0 0.0 11.15999984741211 1.4046350717544556 97.91999816894531 2.1981821060180664 9.039999961853027 1.429335355758667 89.95998716894532
166940 59985.550086 2023-02-10T13:12:07.430 955.417114 main BRIGHT 80.509286 5.773449 0.0 0.0 14.314286231994629 1.3777135610580444 88.78570556640625 4.396752834320068 10.914284706115723 0.7197886109352112 83.01225656640625
166997 59986.091307 2023-02-11T02:11:28.925 842.722107 main BRIGHT 58.321897 225.294755 0.0 0.0 31.61428451538086 0.5398404598236084 115.87142181396484 2.6706511974334717 24.65714454650879 0.5940174460411072 109.42333318603517
166998 59986.10287 2023-02-11T02:28:07.968 1810.462646 main DARK 55.079499 182.406885 2.0 0.0 34.08000183105469 0.746611475944519 116.67332458496094 1.2174135446548462 26.339998245239258 0.596178412437439 65.73356041503905
166999 59986.124629 2023-02-11T02:59:27.946 1528.169067 main DARK 54.035457 195.711869 0.0 0.0 36.29999542236328 0.7543812394142151 113.20000457763672 1.0677075386047363 27.93333625793457 0.9902556538581848 82.51186442236329
167000 59986.143124 2023-02-11T03:26:05.914 227.915833 main DARK 52.002522 206.274254 0.0 0.0 37.04999923706055 1.0606601238250732 114.0999984741211 0.7071067690849304 28.450000762939453 0.3535533845424652 92.17425552587892
167001 59986.150636 2023-02-11T03:36:54.950 1342.731323 main BRIGHT 55.943152 102.034332 0.0 0.0 32.245452880859375 0.977101743221283 113.31818389892578 2.424384593963623 24.83636474609375 1.540306806564331 11.283851898925775
167002 59986.169426 2023-02-11T04:03:58.406 611.754578 main BACKUP 40.31218 167.875673 0.0 0.0 31.200000762939453 0.18708255887031555 116.57999420166016 1.3827499151229858 24.1200008392334 0.13038389384746552 51.29567879833985
167256 59987.081076 2023-02-12T01:56:44.966 612.192993 main BACKUP 32.075153 181.196392 31.0 20.0 17.774999618530273 2.1406776905059814 106.9000015258789 8.219895362854004 15.32499885559082 1.913765549659729 74.2963904741211
167257 59987.09037 2023-02-12T02:10:07.968 605.853455 main BACKUP 66.263114 151.641515 31.0 27.0 14.839999198913574 2.020643711090088 109.31999206542969 16.518537521362305 12.720000267028809 2.9583778381347656 42.32152293457031
167258 59987.099444 2023-02-12T02:23:11.962 623.49646 main BRIGHT 44.767435 197.007265 5.0 2.0 14.199999809265137 1.146734356880188 98.55999755859375 11.239350318908691 13.540000915527344 3.7984204292297363 98.44726744140624
167259 59987.10813 2023-02-12T02:35:42.432 553.260254 main DARK 54.869634 187.417848 13.0 9.0 15.399999618530273 1.5641820430755615 95.0 3.6304280757904053 12.149999618530273 2.0305991172790527 92.41784799999999
167260 59987.115833 2023-02-12T02:46:47.971 1761.070068 main DARK 55.283824 182.809627 52.0 30.0 11.607144355773926 2.627214193344116 102.7642822265625 19.97789764404297 9.90000057220459 3.082456588745117 80.0453447734375
167261 59987.13861 2023-02-12T03:19:35.904 999.73761 main DARK 52.99411 98.481218 11.0 6.0 9.9375 2.4535322189331055 104.2874984741211 33.34196853637695 10.074999809265137 4.592152118682861 5.806280474121095
167262 59987.150989 2023-02-12T03:37:25.450 1088.343384 main DARK 56.663336 101.736347 12.0 8.0 11.5 3.855978488922119 104.22500610351562 28.49540138244629 9.800000190734863 5.495193004608154 2.48865910351563
167263 59987.164745 2023-02-12T03:57:13.968 1530.318115 main DARK 58.002047 102.156945 9.0 4.0 11.983333587646484 2.2209062576293945 102.9749984741211 31.29928970336914 9.77500057220459 3.6957287788391113 0.8180534741211005
167264 59987.183599 2023-02-12T04:24:22.954 1264.800781 main DARK 60.857609 101.726074 8.0 6.0 12.929998397827148 2.5254485607147217 87.20999908447266 17.265148162841797 11.470000267028809 4.129581451416016 14.51607491552734
167265 59987.199403 2023-02-12T04:47:08.419 1140.858398 main DARK 60.958527 108.455403 4.0 0.0 12.166666984558105 3.570714235305786 98.84444427490234 21.89430046081543 14.411110877990723 3.46750807762146 9.61095872509766
167266 59987.213744 2023-02-12T05:07:47.482 1200.296753 main DARK 60.8465 115.168098 17.0 8.0 10.78888988494873 2.535470485687256 106.96666717529297 15.64233112335205 9.21111011505127 3.809673547744751 8.201430824707032
167267 59987.228796 2023-02-12T05:29:27.974 1346.638672 main DARK 60.268045 122.750135 21.0 16.0 10.290909767150879 2.1035468578338623 115.70000457763672 32.266326904296875 11.154545783996582 3.7919294834136963 7.0501304223632815
167268 59987.245578 2023-02-12T05:53:37.939 949.9245 main DARK 58.425009 130.017 19.0 12.0 9.887500762939453 2.9930577278137207 127.97500610351562 19.112428665161133 9.637499809265137 3.7473561763763428 2.041993896484371
167269 59987.257378 2023-02-12T06:10:37.459 1282.317383 main DARK 61.020431 136.414031 39.0 29.0 10.210000991821289 3.553229808807373 128.85000610351562 32.63911437988281 10.350000381469727 4.933389663696289 7.564024896484369
167270 59987.273425 2023-02-12T06:33:43.920 1121.935547 main DARK 58.99599 139.889064 20.0 13.0 8.377778053283691 2.0644476413726807 153.89999389648438 34.94291687011719 9.266666412353516 4.362912178039551 14.010929896484384
167271 59987.28721 2023-02-12T06:53:34.944 1625.800659 main DARK 61.436666 148.379917 42.0 32.0 9.623076438903809 2.4519221782684326 144.0615234375 64.20903015136719 8.092308044433594 2.909886121749878 4.318393562500006
167273 59987.307198 2023-02-12T07:22:21.907 579.225403 main BRIGHT 61.447689 154.918713 2.0 1.0 6.550000190734863 1.778576135635376 235.27499389648438 42.92756271362305 6.449999809265137 1.250333547592163 80.35628089648438
167274 59987.315092 2023-02-12T07:33:43.949 604.560791 main BRIGHT 65.768824 147.44107 9.0 5.0 12.019999504089355 1.5927960872650146 83.44000244140625 33.33171081542969 9.760000228881836 3.122178792953491 64.00106755859375
167275 59987.323275 2023-02-12T07:45:30.960 573.163635 main BRIGHT 66.475436 139.798908 1.0 1.0 11.399999618530273 1.1430950164794922 73.7249984741211 22.58559799194336 10.675000190734863 3.1425840854644775 66.07390952587892
