extended_exposure_data.ecsv
# %ECSV 1.0
# ---
# datatype:
# - {name: EXPID, datatype: int64}
# - {name: MJD, datatype: float64}
# - {name: TIMESTAMP, datatype: string}
# - {name: SURVEY, datatype: string}
# - {name: PROGRAM, datatype: string}
# - {name: MOUNT_EL, datatype: float64}
# - {name: MOUNT_AZ, datatype: float64}
# - {name: WIND_GUST_SUM, datatype: float64}
# - {name: WIND_SHAKE_SUM, datatype: float64}
# - {name: WIND_SPEED_AVG, datatype: float64}
# - {name: WIND_SPEED_STD, datatype: float64}
# - {name: WIND_DIRECTION_AVG, datatype: float64}
# - {name: WIND_DIRECTION_STD, datatype: float64}
# - {name: GUST_AVG, datatype: float64}
# - {name: GUST_STD, datatype: float64}
# - {name: WIND_OPENING_ANGLE, datatype: float64}
# meta: !!omap
# - __serialized_columns__:
#     TIMESTAMP:
#       __class__: astropy.time.core.Time
#       format: isot
#       in_subfmt: '*'
#       out_subfmt: '*'
#       precision: 3
#       scale: utc
#       value: !astropy.table.SerializedColumn {name: TIMESTAMP}
# schema: astropy-2.0
EXPID MJD TIMESTAMP SURVEY PROGRAM MOUNT_EL MOUNT_AZ WIND_GUST_SUM WIND_SHAKE_SUM WIND_SPEED_AVG WIND_SPEED_STD WIND_DIRECTION_AVG WIND_DIRECTION_STD GUST_AVG GUST_STD WIND_OPENING_ANGLE
[from data line 4856]
125718 59649.364894 2022-03-11T08:45:26.842 main BACKUP 55.838133 156.886141 0.0 0.0 34.20000076293945 0.7071067690849304 249.64999389648438 1.20207941532135 25.799999237060547 2.404162883758545 92.76385289648437
125719 59649.372313 2022-03-11T08:56:07.843 main BACKUP 53.443476 161.53846 0.0 0.0 29.933334350585938 1.4364311695098877 249.1666717529297 1.7214317321777344 23.26666831970215 0.9073777198791504 87.6282117529297
125720 59649.375299 2022-03-11T09:00:25.834 main BACKUP 52.218273 157.566878 0.0 0.0 30.76666831970215 1.7156133651733398 248.4666748046875 1.115050196647644 23.100000381469727 2.8844404220581055 90.8997968046875
125721 59649.38398 2022-03-11T09:12:55.872 main BACKUP 58.386576 158.247399 0.0 0.0 30.549999237060547 0.7778177261352539 248.60000610351562 0.7071067690849304 23.649999618530273 5.161879062652588 90.35260710351562
125722 59649.391411 2022-03-11T09:23:37.910 main BACKUP 57.888725 158.161238 0.0 0.0 16.700000762939453 0.5656862258911133 265.6499938964844 1.626336932182312 14.050000190734863 0.3535533845424652 107.48875589648438
125723 59649.394321 2022-03-11T09:27:49.334 main BACKUP 54.75569 158.756685 1.0 0.0 16.549999237060547 0.3535533845424652 263.54998779296875 3.6062488555908203 16.149999618530273 1.3435032367706299 104.79330279296875
125724 59649.402985 2022-03-11T09:40:17.904 main BACKUP 53.435784 168.412172 0.0 0.0 15.90000057220459 1.1313711404800415 263.20001220703125 2.8284270763397217 15.199999809265137 2.5455846786499023 94.78784020703125
125725 59649.411666 2022-03-11T09:52:47.942 main BACKUP 58.392974 164.81727 0.0 0.0 16.900001525878906 0.2828424572944641 278.0 0.7071067690849304 15.449999809265137 1.9091874361038208 113.18272999999999
125726 59649.420236 2022-03-11T10:05:08.390 main BACKUP 55.705819 169.232144 0.0 0.0 17.566667556762695 2.1361958980560303 281.4666748046875 4.89115571975708 18.33333396911621 1.8876787424087524 112.2345308046875
125727 59649.429206 2022-03-11T10:18:03.398 main BACKUP 57.806306 153.812045 0.0 0.0 19.25 1.4849231243133545 282.1500244140625 5.58613920211792 19.100000381469727 1.979898452758789 128.3379794140625
125728 59649.437846 2022-03-11T10:30:29.894 main BACKUP 55.530576 158.884213 0.0 0.0 17.30000114440918 1.7349350452423096 285.3666687011719 8.468953132629395 16.5 4.912229537963867 126.48245570117189
125729 59649.445283 2022-03-11T10:41:12.451 main BACKUP 56.04663 158.284197 1.0 0.0 18.649999618530273 2.333451747894287 288.95001220703125 11.667262077331543 16.649999618530273 0.4949752986431122 130.66581520703124
125730 59649.44725 2022-03-11T10:44:02.400 main BACKUP 57.611013 171.51614 1.0 0.0 17.950000762939453 3.3234009742736816 291.9000244140625 7.495336055755615 13.649999618530273 3.7476654052734375 120.38388441406249
125731 59649.449958 2022-03-11T10:47:56.371 main BACKUP 55.242434 154.8891 0.0 0.0 17.399999618530273 4.384061813354492 288.0 10.182354927062988 16.299999237060547 0.8485280275344849 133.1109
125732 59649.458621 2022-03-11T11:00:24.854 main BACKUP 57.319181 154.348612 0.0 0.0 18.549999237060547 0.49497392773628235 289.3499755859375 2.192035436630249 15.75 2.616295576095581 135.0013635859375
125733 59649.467343 2022-03-11T11:12:58.435 main BACKUP 60.319684 166.826147 0.0 0.0 18.200000762939453 1.6970560550689697 290.25 10.111618041992188 19.100000381469727 0.14142189919948578 123.42385300000001
125734 59649.476058 2022-03-11T11:25:31.411 main BRIGHT 59.276481 181.531128 0.0 0.0 20.079998016357422 1.2070618867874146 286.4200134277344 2.74263334274292 16.700000762939453 1.994993805885315 104.88888542773438
125736 59649.490728 2022-03-11T11:46:38.899 main BRIGHT 55.541297 155.949624 0.0 0.0 18.799999237060547 0.7788878679275513 282.4499816894531 1.1902449131011963 19.774999618530273 2.3584957122802734 126.50035768945312
125737 59649.505659 2022-03-11T12:08:08.938 main BRIGHT 61.6996 173.500096 2.0 0.0 23.799999237060547 1.332290768623352 293.0799865722656 1.2357105016708374 18.600000381469727 0.6745370030403137 119.57989057226561
125738 59649.527909 2022-03-11T12:40:11.338 main BRIGHT 61.844706 183.39501 0.0 0.0 19.700000762939453 1.4696934223175049 309.8800048828125 2.324218273162842 15.199999809265137 1.0999997854232788 126.48499488281249
125817 59650.102892 2022-03-12T02:28:09.869 main BRIGHT 44.455019 7.373759 0.0 0.0 22.220001220703125 2.2731032371520996 55.12000274658203 3.302574634552002 16.719999313354492 1.9715477228164673 47.74624374658203
125818 59650.118141 2022-03-12T02:50:07.382 main BRIGHT 43.06394 9.8392 0.0 0.0 23.850000381469727 2.640075445175171 52.349998474121094 4.259498119354248 20.850000381469727 2.6337552070617676 42.510798474121096
125819 59650.128934 2022-03-12T03:05:39.898 main BRIGHT 45.418167 17.847892 0.0 0.0 24.299999237060547 0.559761643409729 60.67499923706055 2.4472768306732178 18.30000114440918 1.140175223350525 42.827107237060545
125820 59650.145913 2022-03-12T03:30:06.883 main BRIGHT 41.719839 135.917913 0.0 0.0 26.199996948242188 0.8215841054916382 44.31999969482422 1.7369520664215088 21.100000381469727 0.5567770004272461 91.59791330517578
125821 59650.159617 2022-03-12T03:49:50.909 main BRIGHT 44.155821 136.008688 0.0 0.0 25.840002059936523 0.658027708530426 43.05999755859375 2.5976908206939697 19.60000228881836 0.9797960519790649 92.94869044140626
125822 59650.17199 2022-03-12T04:07:39.936 main BRIGHT 48.976332 137.661289 1.0 1.0 24.219999313354492 0.9808160066604614 47.05999755859375 4.386685371398926 18.799999237060547 1.6837457418441772 90.60129144140626
125823 59650.183193 2022-03-12T04:23:47.875 main BRIGHT 45.305353 147.120192 2.0 2.0 25.174999237060547 0.2872282862663269 52.10000228881836 2.891366481781006 21.125 0.47169846296310425 95.02018971118164
125824 59650.195555 2022-03-12T04:41:35.952 main BRIGHT 48.870422 148.233273 1.0 0.0 24.619998931884766 0.8927484154701233 54.7400016784668 1.6682322025299072 19.899999618530273 0.4301164448261261 93.4932713215332
125825 59650.207649 2022-03-12T04:59:00.874 main BRIGHT 60.967833 138.755597 1.0 0.0 24.780000686645508 1.2029129266738892 58.540000915527344 1.148041844367981 20.619998931884766 0.9808163046836853 80.21559608447265
125826 59650.216023 2022-03-12T05:11:04.387 main BRIGHT 57.487457 145.488747 2.0 1.0 25.079999923706055 1.837661862373352 59.08000564575195 1.6783918142318726 19.34000015258789 1.0714470148086548 86.40874135424804
125827 59650.224056 2022-03-12T05:22:38.438 main DARK 54.145341 143.816225 2.0 1.0 23.677778244018555 1.6716591119766235 62.15555953979492 3.27494740486145 18.900001525878906 1.1510862112045288 81.66066546020508
125828 59650.24159 2022-03-12T05:47:53.376 main DARK 57.00779 154.232496 2.0 0.0 22.944442749023438 0.44472166895866394 70.9000015258789 1.412445068359375 18.411109924316406 0.6112374663352966 83.33249447412109
125829 59650.253829 2022-03-12T06:05:30.826 main DARK 58.400538 162.053712 1.0 0.0 23.81999969482422 1.1133531332015991 77.25999450683594 2.383833885192871 18.649999618530273 0.8276470899581909 84.79371749316405
125830 59650.267608 2022-03-12T06:25:21.331 main DARK 54.671025 155.892859 2.0 0.0 24.588890075683594 0.5600099563598633 80.4111099243164 1.0540928840637207 19.755556106567383 1.9475057125091553 75.48174907568358
125831 59650.282742 2022-03-12T06:47:08.909 main DARK 56.261687 165.477602 0.0 0.0 23.94444465637207 0.5364492535591125 83.87777709960938 1.056856632232666 18.844444274902344 0.61259925365448 81.59982490039062
125832 59650.296781 2022-03-12T07:07:21.878 main DARK 53.564443 164.589833 0.0 0.0 23.933334350585938 0.9937304258346558 85.66666412353516 1.206233263015747 19.511112213134766 2.6050164699554443 78.92316887646484
125833 59650.312123 2022-03-12T07:29:27.427 main DARK 54.461247 174.226273 0.0 0.0 23.200000762939453 0.37416595220565796 84.95555114746094 1.4431811571121216 17.68889045715332 0.7944249510765076 89.27072185253905
125834 59650.325884 2022-03-12T07:49:16.378 main DARK 54.571471 182.786581 0.0 0.0 21.280000686645508 0.6696599721908569 81.59000396728516 1.8052071332931519 16.560001373291016 0.7545416951179504 101.19657703271486
125835 59650.336 2022-03-12T08:03:50.400 main BRIGHT 56.708445 167.753267 0.0 0.0 19.920000076293945 0.6870223879814148 82.15999603271484 2.3995823860168457 15.839999198913574 0.5813775658607483 85.59327096728515
125836 59650.344276 2022-03-12T08:15:45.446 main DARK 59.000117 165.46647 2.0 2.0 21.049999237060547 1.348455786705017 83.13999938964844 1.5305769443511963 16.490001678466797 1.0407794713974 82.32647061035155
125837 59650.359426 2022-03-12T08:37:34.406 main DARK 59.755482 176.488909 0.0 0.0 22.200000762939453 0.6531970500946045 85.5999984741211 1.415785312652588 17.139999389648438 0.6686640977859497 90.88891052587891
125838 59650.373575 2022-03-12T08:57:56.880 main DARK 58.723341 172.311103 0.0 0.0 21.955554962158203 0.9368975162506104 87.74443817138672 1.653867483139038 16.72222137451172 0.73786461353302 84.56666482861328
125839 59650.394894 2022-03-12T09:28:38.842 main DARK 58.719068 179.8217 0.0 0.0 20.644445419311523 0.5002777576446533 88.5111083984375 1.4709210395812988 15.911110877990723 0.5134304761886597 91.31059160156249
125840 59650.412064 2022-03-12T09:53:22.330 main DARK 59.095853 184.878129 0.0 0.0 21.049999237060547 0.4927249550819397 91.66999816894531 0.7557926774024963 16.09000015258789 0.4148624539375305 93.20813083105469
125841 59650.426133 2022-03-12T10:13:37.891 main DARK 55.597797 182.041245 0.0 0.0 22.933332443237305 0.8351649641990662 90.04444885253906 1.2380543947219849 18.255556106567383 2.1955127716064453 91.99679614746094
125842 59650.440311 2022-03-12T10:34:02.870 main DARK 59.459257 189.504303 1.0 0.0 24.122220993041992 0.4206474721431732 91.10000610351562 0.514781653881073 18.599998474121094 0.43011632561683655 98.40429689648437
125843 59650.452412 2022-03-12T10:51:28.397 main DARK 58.857947 191.392129 1.0 0.0 24.22222137451172 0.7172479033470154 90.0777816772461 1.0047115087509155 18.888887405395508 0.8038105368614197 101.31434732275392
125844 59650.466058 2022-03-12T11:11:07.411 main DARK 58.870842 190.754547 0.0 0.0 24.46666717529297 0.41533106565475464 91.0777816772461 0.708482027053833 18.700000762939453 0.31622767448425293 99.67676532275391
125845 59650.482024 2022-03-12T11:34:06.874 main DARK 56.188442 190.830954 0.0 0.0 23.23333168029785 0.810863733291626 91.25555419921875 1.04535973072052 17.811113357543945 0.7928499579429626 99.57539980078124
125846 59650.500525 2022-03-12T12:00:45.360 main DARK 58.620344 189.032199 0.0 0.0 22.979999542236328 0.8612651824951172 90.19999694824219 1.7435603141784668 17.619998931884766 0.911409318447113 98.8322020517578
125847 59650.510364 2022-03-12T12:14:55.450 main DARK 58.286234 202.047908 1.0 0.0 22.940000534057617 0.6040603518486023 89.9800033569336 0.649445116519928 17.450000762939453 0.8514692187309265 112.06790464306641
125848 59650.52703 2022-03-12T12:38:55.392 main BRIGHT 84.519226 248.647138 0.0 0.0 20.84000015258789 1.2541930675506592 91.18000793457031 2.803032875061035 15.720001220703125 1.0521408319473267 157.4671300654297
125849 59650.531752 2022-03-12T12:45:43.373 main BRIGHT 61.635025 188.429635 0.0 0.0 19.939998626708984 0.7956135869026184 94.95999908447266 1.4501720666885376 15.239999771118164 0.965919017791748 93.46963591552733
125928 59651.102417 2022-03-13T02:27:28.829 main BRIGHT 43.075401 215.675822 0.0 0.0 3.9599997997283936 1.2259689569473267 43.36000061035156 16.789073944091797 3.120000123977661 1.080277681350708 172.31582138964845
125929 59651.114964 2022-03-13T02:45:32.890 main BRIGHT 40.550508 221.066092 0.0 0.0 4.319999694824219 0.3420526087284088 105.75999450683594 5.31535530090332 3.379999876022339 0.34928497672080994 115.30609749316406
125930 59651.132608 2022-03-13T03:10:57.331 main BACKUP 34.065088 180.791268 0.0 0.0 4.433332920074463 0.28867512941360474 146.8000030517578 3.538360834121704 3.566666603088379 0.20816653966903687 33.99126494824219
125931 59651.141798 2022-03-13T03:24:11.347 main BACKUP 32.669361 162.892027 0.0 0.0 7.399999618530273 1.4142131805419922 126.75 0.21213418245315552 4.949999809265137 0.07071061432361603 36.14202700000001
125932 59651.15306 2022-03-13T03:40:24.384 main BRIGHT 43.499598 13.254712 1.0 1.0 5.09999942779541 0.8093207478523254 123.52000427246094 7.675414562225342 3.760000228881836 0.7700649499893188 110.26529227246094
125933 59651.16626 2022-03-13T03:59:24.864 main BRIGHT 45.827276 16.231443 0.0 0.0 6.400000095367432 0.7582874298095703 112.0999984741211 4.334742069244385 4.940000057220459 0.5770615339279175 95.8685554741211
125934 59651.182689 2022-03-13T04:23:04.330 main BRIGHT 38.688792 133.598805 0.0 0.0 7.6399993896484375 0.610737144947052 100.18000793457031 5.759514808654785 5.880000114440918 0.3420526683330536 33.418797065429686
125935 59651.196978 2022-03-13T04:43:38.899 main BRIGHT 48.373753 125.109265 0.0 0.0 8.999999046325684 0.18708282709121704 93.05999755859375 1.9641798734664917 6.840000152587891 0.11401758342981339 32.04926744140624
125936 59651.211041 2022-03-13T05:03:53.942 main BRIGHT 45.608511 140.490404 0.0 0.0 9.899999618530273 1.409491777420044 99.07499694824219 0.8261353373527527 7.050000190734863 0.1732051521539688 41.415407051757825
125937 59651.225224 2022-03-13T05:24:19.354 main BRIGHT 44.837286 147.384071 0.0 0.0 8.260000228881836 1.112654685974121 102.0999984741211 6.134737014770508 6.279999732971191 0.8729261755943298 45.28407252587891
125938 59651.237268 2022-03-13T05:41:39.955 main BRIGHT 53.905706 145.183202 1.0 0.0 8.649999618530273 1.7175565958023071 115.0999984741211 4.104469299316406 6.5 0.5715477466583252 30.0832035258789
125939 59651.246312 2022-03-13T05:54:41.357 main BRIGHT 60.076626 143.824293 0.0 0.0 7.680000305175781 0.34928518533706665 112.05999755859375 1.2218847274780273 5.900000095367432 0.27386119961738586 31.76429544140626
125940 59651.255068 2022-03-13T06:07:17.875 main BRIGHT 58.211813 149.942338 0.0 0.0 8.5 0.33911633491516113 117.80000305175781 4.058940410614014 6.580000400543213 0.43243494629859924 32.142334948242194
125941 59651.264425 2022-03-13T06:20:46.320 main BRIGHT 53.692471 153.770179 0.0 0.0 7.819999694824219 0.24899797141551971 115.58000183105469 1.6694309711456299 6.0199995040893555 0.19235382974147797 38.190177168945326
125942 59651.273182 2022-03-13T06:33:22.925 main BRIGHT 51.230951 162.806033 0.0 0.0 9.899999618530273 2.405202627182007 123.19999694824219 1.8343950510025024 6.800000190734863 0.1581139713525772 39.606036051757826
125943 59651.281654 2022-03-13T06:45:34.906 main DARK 55.090415 160.659368 0.0 0.0 8.779998779296875 1.994882345199585 122.83000183105469 2.4203081130981445 6.340000152587891 0.40879228711128235 37.82936616894531
125944 59651.296422 2022-03-13T07:06:50.861 main DARK 56.270919 170.24326 0.0 0.0 6.4666666984558105 1.2589677572250366 157.77777099609375 23.09122085571289 5.377778053283691 0.6722680926322937 12.465489003906242
125945 59651.312915 2022-03-13T07:30:35.856 main DARK 54.949528 167.660268 1.0 0.0 9.200000762939453 0.5766282081604004 149.07778930664062 1.8484983444213867 7.355555057525635 0.5637178421020508 18.582478693359377
125946 59651.325375 2022-03-13T07:48:32.400 main DARK 55.523014 175.850557 1.0 0.0 7.680000305175781 1.081973671913147 159.10000610351562 9.013938903808594 5.840000152587891 0.9191784262657166 16.750550896484384
125947 59651.340155 2022-03-13T08:09:49.392 main DARK 55.713883 171.422616 0.0 0.0 7.380000114440918 1.1429009437561035 164.60000610351562 2.1550984382629395 5.710000038146973 0.5896326899528503 6.82260989648438
125948 59651.35255 2022-03-13T08:27:40.320 main DARK 56.020083 179.732976 0.0 0.0 7.55555534362793 0.5364492535591125 182.63333129882812 15.517328262329102 5.844444274902344 0.6306963562965393 2.900355298828117
125949 59651.36773 2022-03-13T08:49:31.872 main DARK 55.337505 168.748788 0.0 0.0 9.155555725097656 0.9976359605789185 213.87779235839844 1.899196743965149 7.5 0.5454358458518982 45.12900435839845
