extended_exposure_data.ecsv
# %ECSV 1.0
# ---
# datatype:
# - {name: EXPID, datatype: int64}
# - {name: MJD, datatype: float64}
# - {name: TIMESTAMP, datatype: string}
# - {name: EXPTIME, datatype: float64}
# - {name: SURVEY, datatype: string}
# - {name: PROGRAM, datatype: string}
# - {name: MOUNT_EL, datatype: float64}
# - {name: MOUNT_AZ, datatype: float64}
# - {name: WIND_GUST_SUM, datatype: float64}
# - {name: WIND_SHAKE_SUM, datatype: float64}
# - {name: WIND_SPEED_AVG, datatype: float64}
# - {name: WIND_SPEED_STD, datatype: float64}
# - {name: WIND_DIRECTION_AVG, datatype: float64}
# - {name: WIND_DIRECTION_STD, datatype: float64}
# - {name: GUST_AVG, datatype: float64}
# - {name: GUST_STD, datatype: float64}
# - {name: WIND_OPENING_ANGLE, datatype: float64}
# meta: !!omap
# - __serialized_columns__:
#     TIMESTAMP:
#       __class__: astropy.time.core.Time
#       format: isot
#       in_subfmt: '*'
#       out_subfmt: '*'
#       precision: 3
#       scale: utc
#       value: !astropy.table.SerializedColumn {name: TIMESTAMP}
# schema: astropy-2.0
EXPID MJD TIMESTAMP EXPTIME SURVEY PROGRAM MOUNT_EL MOUNT_AZ WIND_GUST_SUM WIND_SHAKE_SUM WIND_SPEED_AVG WIND_SPEED_STD WIND_DIRECTION_AVG WIND_DIRECTION_STD GUST_AVG GUST_STD WIND_OPENING_ANGLE
[from data line 5629]
131226 59691.227312 2022-04-22T05:27:19.757 876.145386 main DARK 80.912883 26.44609 4.0 3.0 47.45714569091797 1.2067276239395142 179.2714385986328 2.0709991455078125 42.414283752441406 2.336970567703247 152.82534859863281
131227 59691.23899 2022-04-22T05:44:08.736 924.799866 main DARK 86.175337 11.703374 10.0 4.0 44.95714569091797 3.2346341609954834 183.62857055664062 3.2648165225982666 34.828575134277344 9.920133590698242 171.92519655664063
131228 59691.251438 2022-04-22T06:02:04.243 776.160645 main DARK 81.709874 24.271794 4.0 4.0 48.366668701171875 1.9745038747787476 186.51666259765625 3.8561201095581055 42.266666412353516 6.915393829345703 162.24486859765625
131229 59691.261942 2022-04-22T06:17:11.789 917.950256 main DARK 85.04976 25.093133 7.0 5.0 45.371429443359375 2.730515718460083 185.38571166992188 2.392646074295044 41.21428680419922 3.3830108642578125 160.29257866992188
131230 59691.2741 2022-04-22T06:34:42.240 992.311157 main DARK 83.729275 16.104867 3.0 1.0 41.787498474121094 3.4182021617889404 182.33749389648438 2.632730007171631 39.162498474121094 2.9635581970214844 166.23262689648436
131231 59691.287156 2022-04-22T06:53:30.278 907.365662 main DARK 84.962127 17.858916 0.0 0.0 42.74285888671875 2.264845371246338 177.45713806152344 2.7814016342163086 34.5428581237793 4.156864643096924 159.59822206152344
131232 59691.299268 2022-04-22T07:10:56.755 904.528809 main DARK 80.930653 351.993585 4.0 2.0 41.357139587402344 2.466344118118286 174.2857208251953 2.2229292392730713 35.79999923706055 3.7229020595550537 177.70786417480468
131233 59691.3113 2022-04-22T07:28:16.320 1039.301392 main DARK 84.817541 335.999256 3.0 1.0 38.0 2.9403600692749023 169.8249969482422 3.5078508853912354 30.575000762939453 6.272331237792969 166.17425905175782
131234 59691.324881 2022-04-22T07:47:49.718 1181.256714 main DARK 84.713465 329.0704 5.0 2.0 35.34000015258789 3.2897820472717285 161.8000030517578 2.1827597618103027 30.520000457763672 5.299433708190918 167.2703969482422
131235 59691.340118 2022-04-22T08:09:46.195 1477.371704 main DARK 84.264389 317.867506 17.0 8.0 32.03636169433594 3.311879873275757 167.36363220214844 3.6097819805145264 25.81818199157715 9.545136451721191 150.50387379785155
131236 59691.358782 2022-04-22T08:36:38.765 1542.001465 main DARK 83.693178 316.770146 42.0 27.0 32.0333366394043 5.182722091674805 178.2416534423828 5.477631092071533 27.325002670288086 10.181455612182617 138.5284925576172
131237 59691.378191 2022-04-22T09:04:35.702 1354.154175 main DARK 82.804224 307.393892 30.0 17.0 31.68181800842285 4.737049102783203 166.40000915527344 6.812047004699707 27.8454532623291 4.794239044189453 140.99388284472656
131238 59691.394679 2022-04-22T09:28:20.266 592.866699 main DARK 78.304948 294.515221 6.0 6.0 36.8599967956543 3.1785221099853516 163.62001037597656 3.988983392715454 32.81999969482422 7.409250736236572 130.89521062402343
131239 59691.403076 2022-04-22T09:40:25.766 926.911011 main DARK 81.106102 295.849205 11.0 7.0 35.85714340209961 2.863480806350708 161.4571533203125 3.5491111278533936 35.57142639160156 5.545482635498047 134.39205167968748
131240 59691.414615 2022-04-22T09:57:02.736 963.788025 main DARK 77.724621 290.417801 53.0 39.0 40.528568267822266 3.8003129959106445 155.8142852783203 3.341869831085205 33.78571319580078 8.95142936706543 134.60351572167968
131442 59692.315159 2022-04-23T07:33:49.738 604.241333 main BRIGHT 65.549114 180.526378 0.0 0.0 9.819999694824219 1.9044681787490845 222.1800079345703 3.0995168685913086 7.37999963760376 0.9884330630302429 41.65362993457032
131443 59692.324945 2022-04-23T07:47:55.248 604.232117 main BACKUP 57.278163 167.551831 0.0 0.0 8.024999618530273 2.0039544105529785 223.27499389648438 8.165119171142578 6.399999618530273 1.3880442380905151 55.72316289648438
131444 59692.333475 2022-04-23T08:00:12.240 602.399414 main BACKUP 60.90339 175.130423 0.0 0.0 9.739999771118164 0.3209361135959625 220.77999877929688 3.642390727996826 7.919999599456787 1.7166826725006104 45.64957577929687
131445 59692.34208 2022-04-23T08:12:35.712 604.986572 main BACKUP 60.528778 167.876046 0.0 0.0 8.179999351501465 2.0154407024383545 207.0399932861328 13.362183570861816 6.71999979019165 1.5880805253982544 39.16394728613281
131446 59692.350743 2022-04-23T08:25:04.195 602.654602 main BACKUP 54.644347 162.247681 0.0 0.0 7.259999752044678 0.3049589693546295 200.51998901367188 10.364216804504395 6.400000095367432 0.6782330274581909 38.272308013671875
131447 59692.359262 2022-04-23T08:37:20.237 594.058899 main BACKUP 56.730285 162.032391 0.0 0.0 7.640000343322754 0.8848728537559509 189.5800018310547 4.2038116455078125 7.5199995040893555 0.6610598564147949 27.547610831054698
131448 59692.367631 2022-04-23T08:49:23.318 819.599304 main BRIGHT 62.64611 171.210254 3.0 2.0 16.75 2.1851768493652344 163.9666748046875 2.020559787750244 13.666666984558105 1.5148155689239502 7.243579195312492
131449 59692.37862 2022-04-23T09:05:12.768 703.266968 main BRIGHT 62.772207 187.119898 2.0 0.0 11.866665840148926 2.5350868701934814 188.4499969482422 11.532347679138184 11.066666603088379 2.9090662002563477 1.3300989482421812
131450 59692.388365 2022-04-23T09:19:14.736 803.746155 main BRIGHT 65.357465 182.803911 0.0 0.0 7.650000095367432 0.8043631315231323 190.59999084472656 7.480906963348389 6.700000286102295 1.9728151559829712 7.796079844726563
131451 59692.399228 2022-04-23T09:34:53.299 1011.033325 main BRIGHT 67.480466 186.649077 0.0 0.0 10.762499809265137 1.4019758701324463 173.6750030517578 10.396666526794434 9.587499618530273 0.7259231209754944 12.974073948242193
131452 59692.412492 2022-04-23T09:53:59.309 572.957825 main BRIGHT 63.750147 186.87576 0.0 0.0 10.125 1.0843585729599 168.75 3.9034173488616943 9.399999618530273 1.2754087448120117 18.125760000000014
131454 59692.4216 2022-04-23T10:07:06.240 1293.946533 main BRIGHT 60.984408 186.641029 0.0 0.0 6.090000152587891 2.915266275405884 186.10000610351562 15.205772399902344 5.720000267028809 2.2890074253082275 0.5410228964843782
131455 59692.438105 2022-04-23T10:30:52.272 1240.968384 main BRIGHT 62.366013 193.866658 0.0 0.0 4.939999580383301 1.6269944906234741 199.48001098632812 25.67367172241211 3.7300000190734863 1.0822302103042603 5.613352986328124
131456 59692.453279 2022-04-23T10:52:43.306 1127.264404 main BRIGHT 60.757617 205.213717 0.0 0.0 4.766666889190674 0.8411301970481873 229.8333282470703 11.179221153259277 3.5444445610046387 0.4096068739891052 24.61961124707031
131457 59692.468209 2022-04-23T11:14:13.258 952.887268 main BRIGHT 74.518477 196.176353 0.0 0.0 3.862499952316284 0.44380661845207214 241.7375030517578 8.693172454833984 2.9250001907348633 0.587367057800293 45.56115005175781
131458 59692.481253 2022-04-23T11:33:00.259 191.106339 main BRIGHT 80.266158 294.993071 0.0 0.0 3.4000000953674316 "" 281.0 "" 2.799999952316284 "" 13.993070999999986
131459 59692.485512 2022-04-23T11:39:08.237 995.08551 main BRIGHT 75.153735 221.009321 0.0 0.0 4.375 0.570087730884552 264.625 13.436381340026855 3.5875000953674316 0.4882549047470093 43.615679
131558 59693.124911 2022-04-24T02:59:52.310 775.984009 main BRIGHT 62.017217 154.630694 0.0 0.0 16.69999885559082 0.7745968103408813 302.8499755859375 1.4460331201553345 12.616667747497559 0.8542051315307617 148.2192815859375
131559 59693.135524 2022-04-24T03:15:09.274 750.978699 main BRIGHT 57.719953 152.331295 0.0 0.0 15.049999237060547 0.5431390404701233 316.933349609375 3.8213391304016113 12.433334350585938 0.6470447182655334 164.602054609375
131560 59693.14572 2022-04-24T03:29:50.208 677.774536 main BRIGHT 60.771388 153.23815 0.0 0.0 17.0 1.4439527988433838 319.8800354003906 2.2653920650482178 13.039999008178711 1.2033287286758423 166.64188540039063
131561 59693.155119 2022-04-24T03:43:22.282 624.712952 main BRIGHT 58.586762 153.880269 0.0 0.0 16.759998321533203 0.8848727941513062 324.5 3.214811086654663 13.239999771118164 1.0807405710220337 170.619731
131562 59693.163909 2022-04-24T03:56:01.738 629.00415 main DARK 60.157922 150.168923 0.0 0.0 18.100000381469727 0.36742329597473145 323.91998291015625 1.1882773637771606 14.920000076293945 1.042593240737915 173.75105991015624
131569 59693.193909 2022-04-24T04:39:13.738 603.239563 main BACKUP 56.0926 175.36235 0.0 0.0 19.18000030517578 0.7395944595336914 316.32000732421875 1.3590445518493652 14.899999618530273 0.8215838670730591 140.95765732421876
131570 59693.203735 2022-04-24T04:53:22.704 603.242554 main BACKUP 59.282859 191.075073 0.0 0.0 17.5 1.0049877166748047 313.02001953125 1.263723373413086 14.079998970031738 1.2833545207977295 121.94494653125
131571 59693.212613 2022-04-24T05:06:09.763 232.080658 main BACKUP 54.211394 168.59359 0.0 0.0 16.299999237060547 0.4242643415927887 314.75 0.49498337507247925 15.050000190734863 1.484924554824829 146.15641
131572 59693.216826 2022-04-24T05:12:13.766 610.427979 main BACKUP 57.542884 173.340701 0.0 0.0 15.5600004196167 1.1844828128814697 310.17999267578125 2.7779481410980225 12.899999618530273 0.7314368486404419 136.83929167578125
131573 59693.22539 2022-04-24T05:24:33.696 464.893951 main BACKUP 60.841398 181.430664 0.0 0.0 14.674999237060547 0.7088723182678223 303.7749938964844 2.4267666339874268 11.550000190734863 0.4358901083469391 122.34432989648437
131574 59693.232468 2022-04-24T05:34:45.235 323.829865 main BACKUP 59.666204 172.478815 0.0 0.0 15.0 0.0 300.75 0.9192301630973816 11.449999809265137 0.07071094959974289 128.271185
131575 59693.237856 2022-04-24T05:42:30.758 307.802368 main BACKUP 54.605779 162.870467 0.0 0.0 13.899999618530273 0.28284311294555664 301.45001220703125 1.3434985876083374 11.300000190734863 0.4242643415927887 138.57954520703126
131576 59693.243064 2022-04-24T05:50:00.730 345.133301 main BACKUP 56.776674 177.673626 0.0 0.0 14.033332824707031 0.30550527572631836 301.6666564941406 1.250333547592163 11.166666984558105 0.20816631615161896 123.99303049414061
131577 59693.248626 2022-04-24T05:58:01.286 667.319702 main BRIGHT 57.519603 172.722535 0.0 0.0 13.940000534057617 0.7092249989509583 304.0 0.8746420741081238 10.440000534057617 0.6877500414848328 131.277465
131578 59693.257874 2022-04-24T06:11:20.314 548.257019 main BRIGHT 57.888048 167.443364 0.0 0.0 13.4399995803833 0.3507135212421417 308.02001953125 4.425716876983643 10.4399995803833 0.8294576406478882 140.57665553125
131579 59693.26579 2022-04-24T06:22:44.256 939.055725 main DARK 60.897685 172.07368 0.0 0.0 11.671429634094238 1.1996030807495117 311.3571472167969 3.5222418308258057 9.614285469055176 0.8091737627983093 139.28346721679688
131580 59693.277468 2022-04-24T06:39:33.235 1079.378662 main DARK 61.119641 181.085459 0.0 0.0 14.700000762939453 1.0928338766098022 308.125 4.614802837371826 12.324999809265137 2.01334810256958 127.03954100000001
131581 59693.291537 2022-04-24T06:59:48.797 1500.190186 main DARK 61.797199 178.603185 0.0 0.0 15.833333015441895 0.41633298993110657 307.29998779296875 3.5914077758789062 12.791666984558105 1.191987156867981 128.69680279296875
131582 59693.309707 2022-04-24T07:25:58.685 1337.655884 main DARK 61.236958 192.630538 0.0 0.0 14.963637351989746 1.4186420440673828 302.154541015625 4.573921203613281 12.636363983154297 0.8213071227073669 109.524003015625
131583 59693.326942 2022-04-24T07:50:47.789 1353.605713 main DARK 54.333945 185.310453 0.0 0.0 14.772726058959961 0.7322445511817932 305.9636535644531 3.2967445850372314 11.490909576416016 1.239721417427063 120.65320056445313
131584 59693.343418 2022-04-24T08:14:31.315 1246.511719 main DARK 53.392734 195.545163 0.0 0.0 13.480000495910645 1.0591402053833008 304.02996826171875 6.26525354385376 11.390000343322754 1.8284481763839722 108.48480526171875
131585 59693.359644 2022-04-24T08:37:53.242 981.873901 main DARK 60.037671 187.262782 0.0 0.0 12.287500381469727 0.981889545917511 313.4125061035156 5.616672992706299 9.949999809265137 1.2177263498306274 126.14972410351564
131586 59693.37182 2022-04-24T08:55:25.248 925.111023 main DARK 59.251615 196.148077 0.0 0.0 11.714285850524902 1.2239669561386108 309.6571350097656 4.297619819641113 8.814285278320312 2.175184965133667 113.50905800976562
131587 59693.38333 2022-04-24T09:11:59.712 1154.89502 main DARK 58.044614 203.797886 0.0 0.0 13.260000228881836 1.1529672145843506 316.92999267578125 4.274489402770996 10.730000495910645 1.4877649545669556 113.13210667578124
131588 59693.398707 2022-04-24T09:34:08.285 437.886719 main BRIGHT 63.890786 177.874613 0.0 0.0 14.333333015441895 1.8037000894546509 327.066650390625 0.25166237354278564 11.866665840148926 1.7672953605651855 149.192037390625
131589 59693.405322 2022-04-24T09:43:39.821 1402.336548 main DARK 60.096981 188.955425 0.0 0.0 14.841666221618652 1.4067751169204712 325.5333251953125 4.841735363006592 13.72499942779541 2.2062411308288574 136.5779001953125
131590 59693.422352 2022-04-24T10:08:11.213 1001.16272 main DARK 58.705833 201.057516 0.0 0.0 14.512500762939453 0.6642663478851318 330.38751220703125 3.8192851543426514 12.975000381469727 0.7324129939079285 129.32999620703126
131591 59693.434754 2022-04-24T10:26:02.746 949.696655 main DARK 57.096579 208.930918 0.0 0.0 13.942856788635254 0.4755951166152954 330.0428771972656 5.343796253204346 12.557143211364746 1.2340409755706787 121.11195919726563
131592 59693.447335 2022-04-24T10:44:09.744 1243.78772 main DARK 58.53247 207.102512 0.0 0.0 14.00999927520752 0.7370360493659973 330.3899841308594 4.490834712982178 14.329999923706055 1.5599499940872192 123.28747213085938
131593 59693.462532 2022-04-24T11:06:02.765 983.466248 main DARK 56.004537 216.439419 0.0 0.0 13.324999809265137 0.9939098954200745 328.9625244140625 6.748321056365967 13.012499809265137 1.744736909866333 112.52310541406251
131594 59693.4759 2022-04-24T11:25:17.760 436.305481 main BRIGHT 76.433214 212.984929 0.0 0.0 14.366665840148926 1.250333309173584 336.1666564941406 0.25166237354278564 13.633334159851074 1.5044379234313965 123.18172749414063
131595 59693.482584 2022-04-24T11:34:55.258 921.343079 main BRIGHT 68.321443 213.03586 0.0 0.0 14.399999618530273 0.8734170198440552 334.6499938964844 3.9853270053863525 14.725000381469727 1.011010766029358 121.61413389648436
131596 59693.494835 2022-04-24T11:52:33.744 375.325531 main BRIGHT 72.738071 220.89306 0.0 0.0 14.0 0.6928201913833618 334.5666809082031 2.212085485458374 13.466667175292969 0.7371117472648621 113.67362090820313
131694 59694.125813 2022-04-25T03:01:10.243 484.567963 main BRIGHT 64.155565 150.803251 0.0 0.0 13.97499942779541 0.5737305879592896 320.125 2.1468987464904785 11.225000381469727 0.7365460991859436 169.321749
131695 59694.133012 2022-04-25T03:11:32.237 483.94693 main BRIGHT 61.08732 152.282185 0.0 0.0 14.899999618530273 0.7071067690849304 324.75 2.0074803829193115 12.800000190734863 0.8041560649871826 172.467815
131702 59694.240147 2022-04-25T05:45:48.701 920.033325 main DARK 60.472546 170.480676 0.0 0.0 13.371428489685059 0.5589106678962708 331.8714294433594 0.7739872336387634 10.671427726745605 0.5376315116882324 161.3907534433594
131703 59694.2516 2022-04-25T06:02:18.240 1363.922729 main DARK 60.800565 179.219162 0.0 0.0 14.06363582611084 0.2157440036535263 334.3908996582031 1.3337539434432983 10.845455169677734 0.527946412563324 155.1717376582031
131704 59694.269111 2022-04-25T06:27:31.190 1267.546997 main DARK 53.983586 176.255969 0.0 0.0 16.170000076293945 0.848593533039093 336.30999755859375 1.0918442010879517 12.839999198913574 0.38064271211624146 160.05402855859376
131705 59694.284592 2022-04-25T06:49:48.749 1449.158447 main DARK 53.886045 186.02574 0.0 0.0 16.125 0.659372866153717 339.2833557128906 2.8212926387786865 12.575000762939453 0.6877169609069824 153.2576157128906
131706 59694.303104 2022-04-25T07:16:28.186 930.520813 main DARK 61.287353 182.459464 0.0 0.0 16.857145309448242 0.7502378821372986 347.71429443359375 1.3107669353485107 13.114286422729492 0.9063270092010498 165.25483043359375
