extended_exposure_data.ecsv
# %ECSV 1.0
# ---
# datatype:
# - {name: EXPID, datatype: int64}
# - {name: MJD, datatype: float64}
# - {name: TIMESTAMP, datatype: string}
# - {name: EXPTIME, datatype: float64}
# - {name: SURVEY, datatype: string}
# - {name: PROGRAM, datatype: string}
# - {name: MOUNT_EL, datatype: float64}
# - {name: MOUNT_AZ, datatype: float64}
# - {name: WIND_GUST_SUM, datatype: float64}
# - {name: WIND_SHAKE_SUM, datatype: float64}
# - {name: WIND_SPEED_AVG, datatype: float64}
# - {name: WIND_SPEED_STD, datatype: float64}
# - {name: WIND_DIRECTION_AVG, datatype: float64}
# - {name: WIND_DIRECTION_STD, datatype: float64}
# - {name: GUST_AVG, datatype: float64}
# - {name: GUST_STD, datatype: float64}
# - {name: WIND_OPENING_ANGLE, datatype: float64}
# meta: !!omap
# - __serialized_columns__:
#     TIMESTAMP:
#       __class__: astropy.time.core.Time
#       format: isot
#       in_subfmt: '*'
#       out_subfmt: '*'
#       precision: 3
#       scale: utc
#       value: !astropy.table.SerializedColumn {name: TIMESTAMP}
# schema: astropy-2.0
EXPID MJD TIMESTAMP EXPTIME SURVEY PROGRAM MOUNT_EL MOUNT_AZ WIND_GUST_SUM WIND_SHAKE_SUM WIND_SPEED_AVG WIND_SPEED_STD WIND_DIRECTION_AVG WIND_DIRECTION_STD GUST_AVG GUST_STD WIND_OPENING_ANGLE
[from data line 13983]
199735 60224.24492 2023-10-07T05:52:41.088 960.109253 main DARK 49.824 184.671021 0.0 0.0 5.824999809265137 0.8827715516090393 321.625 3.95754337310791 4.5 0.5976143479347229 136.953979
199736 60224.256899 2023-10-07T06:09:56.074 1157.6875 main DARK 49.333236 191.071751 0.0 0.0 6.655555248260498 0.26034170389175415 323.5111083984375 3.7770538330078125 5.266666889190674 0.28722816705703735 132.4393573984375
199737 60224.271465 2023-10-07T06:30:54.576 1498.996216 main DARK 53.479378 193.431169 0.0 0.0 6.700000286102295 0.4842989444732666 336.3416748046875 4.536808013916016 5.099999904632568 0.4199567437171936 142.9105058046875
199738 60224.290018 2023-10-07T06:57:37.555 1406.643799 main DARK 54.234061 195.055765 0.0 0.0 4.381817817687988 0.8494917750358582 232.72727966308594 136.46786499023438 3.3000001907348633 0.8330665826797485 37.67151466308593
199739 60224.307472 2023-10-07T07:22:45.581 1428.909668 main DARK 49.702108 196.543746 2.0 2.0 12.790908813476562 5.683740615844727 94.78181457519531 5.4005208015441895 10.5 3.723707914352417 101.76193142480469
199740 60224.325428 2023-10-07T07:48:36.979 568.346069 main DARK 47.854736 188.128519 0.0 0.0 17.080001831054688 0.9038804173469543 97.36000061035156 0.9181509017944336 13.35999870300293 0.5683308839797974 90.76851838964845
199741 60224.333183 2023-10-07T07:59:47.011 1546.026611 main DARK 46.989312 200.587213 0.0 0.0 17.566665649414062 0.9528265595436096 97.76666259765625 1.9467140436172485 13.333333015441895 0.819460391998291 102.82055040234374
199742 60224.352483 2023-10-07T08:27:34.531 1302.274902 main DARK 43.441675 195.784015 0.0 0.0 16.290910720825195 0.8348108530044556 99.52726745605469 0.8695868849754333 12.4909086227417 0.7516043782234192 96.25674754394532
199743 60224.368768 2023-10-07T08:51:01.555 1238.286133 main DARK 48.806396 197.882716 0.0 0.0 20.333332061767578 1.7327721118927002 102.61111450195312 1.5575975179672241 15.78888988494873 1.3090496063232422 95.27160149804686
199744 60224.384404 2023-10-07T09:13:32.506 1072.491821 main DARK 56.598249 210.0735 0.0 0.0 24.566667556762695 1.6777958869934082 108.83333587646484 0.758287787437439 19.244441986083984 1.0829485654830933 101.24016412353515
199745 60224.398056 2023-10-07T09:33:12.038 1387.156616 main DARK 54.772392 205.518523 0.0 0.0 26.609092712402344 1.0473341941833496 111.09091186523438 1.4652342796325684 20.76363754272461 1.6650961637496948 94.42761113476561
199746 60224.415417 2023-10-07T09:58:12.029 1011.4953 main DARK 48.400767 200.084649 0.0 0.0 26.549999237060547 1.1148347854614258 118.47500610351562 0.7887606024742126 20.8125 0.8322732448577881 81.60964289648439
199747 60224.427934 2023-10-07T10:16:13.498 984.087341 main DARK 46.920584 206.229147 0.0 0.0 24.957141876220703 1.5682865381240845 118.77143096923828 2.3192760944366455 19.05714225769043 0.8599556684494019 87.45771603076173
199748 60224.44055 2023-10-07T10:34:23.520 1559.706177 main DARK 45.973774 203.395486 3.0 1.0 20.976924896240234 0.9722429513931274 118.07691955566406 2.1315693855285645 16.069231033325195 0.88448166847229 85.31856644433594
199749 60224.45989 2023-10-07T11:02:14.496 1249.818237 main DARK 44.510205 201.563791 0.0 0.0 20.366666793823242 1.193734049797058 115.22222137451172 1.3745712041854858 15.522221565246582 0.9189364314079285 86.34156962548829
199750 60224.475156 2023-10-07T11:24:13.478 606.478271 main DARK 42.557623 208.424379 2.0 0.0 18.360000610351562 0.6655821204185486 113.84000396728516 1.3277817964553833 14.4399995803833 0.6503846049308777 94.58437503271483
199751 60224.485116 2023-10-07T11:38:34.022 566.773193 main BACKUP 40.122318 176.811772 1.0 0.0 20.350000381469727 0.9678158164024353 114.04999542236328 3.5199432373046875 16.325000762939453 1.322560429573059 62.76177657763671
199930 60225.353131 2023-10-08T08:28:30.518 76.991028 main BACKUP 32.761935 183.900008 0.0 0.0 0.0 0.0 0.0 0.0 0.0 0.0 0.0
199931 60225.355498 2023-10-08T08:31:55.027 174.732574 main BACKUP 47.704279 182.088711 0.0 0.0 8.850000381469727 0.21213217079639435 286.95001220703125 2.192035436630249 6.850000381469727 0.07071061432361603 104.86130120703126
199932 60225.358687 2023-10-08T08:36:30.557 193.102966 main BACKUP 44.493819 181.612949 0.0 0.0 7.100000381469727 0.9899495840072632 296.0999755859375 0.42426836490631104 5.550000190734863 0.2121318280696869 114.48702658593751
199933 60225.362217 2023-10-08T08:41:35.549 1425.312012 main DARK 43.416606 196.362429 1.0 0.0 7.03636360168457 0.5714415311813354 267.7363586425781 8.606423377990723 6.381818771362305 1.0107601881027222 71.37392964257813
199934 60225.379931 2023-10-08T09:07:06.038 1642.894165 main DARK 44.793085 196.722594 2.0 0.0 5.07692289352417 1.6699070930480957 229.96153259277344 23.801420211791992 4.1692304611206055 1.8281978368759155 33.23893859277345
199935 60225.400134 2023-10-08T09:36:11.578 1383.240967 main DARK 47.734372 203.256666 1.0 0.0 7.618181228637695 1.3768210411071777 236.40000915527344 10.65551471710205 6.2272725105285645 1.2657731771469116 33.14334315527344
199936 60225.417373 2023-10-08T10:01:01.027 1481.754517 main DARK 41.968597 200.421725 0.0 0.0 7.3000006675720215 1.790378451347351 237.76666259765625 27.426639556884766 5.9916672706604 1.8243098258972168 37.34493759765624
199937 60225.436001 2023-10-08T10:27:50.486 462.259766 main DARK 46.349258 191.138447 0.0 0.0 9.824999809265137 0.9535025358200073 251.09999084472656 9.66746997833252 7.600000381469727 0.7615773677825928 59.96154384472655
199938 60225.442512 2023-10-08T10:37:13.037 1718.340332 main DARK 45.353429 199.238691 0.0 0.0 11.271428108215332 1.3199234008789062 269.38568115234375 19.205524444580078 8.814286231994629 1.7628024816513062 70.14699015234376
199939 60225.463693 2023-10-08T11:07:43.075 120.13031 main DARK 42.335522 196.872593 0.0 0.0 11.100000381469727 "" 293.5 "" 7.699999809265137 "" 96.627407
199940 60225.470753 2023-10-08T11:17:53.059 1644.413818 main DARK 43.568736 14.773539 0.0 0.0 7.369230270385742 0.9393123984336853 260.2230529785156 8.038777351379395 5.984614849090576 1.2095773220062256 114.55048602148437
199941 60225.490944 2023-10-08T11:46:57.562 100.801437 main DARK 42.39131 9.956268 0.0 0.0 6.900000095367432 "" 248.0 "" 5.599999904632568 "" 121.956268
199943 60225.495064 2023-10-08T11:52:53.530 1614.778564 main DARK 48.363277 9.615014 0.0 0.0 5.774999618530273 0.727542519569397 267.2916564941406 10.841208457946777 4.741666316986084 0.6653205752372742 102.32335750585935
199944 60225.517078 2023-10-08T12:24:35.539 673.068604 main BRIGHT 43.469096 208.43835 0.0 0.0 2.879999876022339 0.34928497672080994 257.6600036621094 16.08782386779785 2.2799999713897705 0.3962322175502777 49.22165366210936
200041 60226.079514 2023-10-09T01:54:30.010 568.666016 main BACKUP 57.831574 185.365308 0.0 0.0 13.100000381469727 1.373559832572937 324.92498779296875 6.4401702880859375 11.125 1.9293781518936157 139.55967979296875
200043 60226.094619 2023-10-09T02:16:15.082 1493.015015 main DARK 54.929946 151.129399 0.0 0.0 13.591667175292969 1.1843360662460327 319.7749938964844 9.221430778503418 12.441665649414062 1.7058498859405518 168.64559489648437
200044 60226.113097 2023-10-09T02:42:51.581 1258.218506 main DARK 57.481779 153.619893 0.0 0.0 13.5600004196167 1.3656094074249268 325.760009765625 6.413734436035156 9.550000190734863 4.164198875427246 172.140116765625
200045 60226.128941 2023-10-09T03:05:40.502 1003.783875 main DARK 63.932835 154.005512 0.0 0.0 12.837499618530273 1.1109037399291992 325.1499938964844 10.04817008972168 11.399999618530273 1.54365074634552 171.14448189648436
200046 60226.141725 2023-10-09T03:24:05.040 1126.142456 main DARK 62.227757 158.516138 0.0 0.0 12.533333778381348 1.520690679550171 324.433349609375 10.643310546875 10.833332061767578 2.2643983364105225 165.917211609375
200047 60226.155944 2023-10-09T03:44:33.562 1213.463379 main DARK 64.010834 161.307047 0.0 0.0 12.739999771118164 1.154892921447754 332.7300109863281 7.110244274139404 10.680000305175781 1.2603349685668945 171.4229639863281
200048 60226.171511 2023-10-09T04:06:58.550 1079.593994 main DARK 49.582953 166.499803 0.0 0.0 13.5625 1.4802871942520142 332.875 10.935361862182617 12.712499618530273 2.190523624420166 166.375197
200049 60226.185134 2023-10-09T04:26:35.578 643.532593 main DARK 50.555618 179.220544 0.0 0.0 14.360000610351562 1.3164348602294922 338.79998779296875 8.942031860351562 13.780000686645508 2.0535333156585693 159.57944379296876
200050 60226.194815 2023-10-09T04:40:32.016 215.308121 main BACKUP 53.002385 186.906438 0.0 0.0 17.850000381469727 0.4949752986431122 321.25 23.970937728881836 15.600000381469727 0.8485286831855774 134.343562
200052 60226.229462 2023-10-09T05:30:25.517 133.314835 main BACKUP 59.145574 174.500689 0.0 0.0 16.399999618530273 "" 195.8000030517578 "" 14.199999809265137 "" 21.29931405175782
200053 60226.232292 2023-10-09T05:34:30.029 124.977776 main BACKUP 53.901582 162.624064 0.0 0.0 15.399999618530273 "" 264.20001220703125 "" 13.800000190734863 "" 101.57594820703125
200054 60226.235307 2023-10-09T05:38:50.525 1398.990234 main DARK 61.63298 196.401162 0.0 0.0 16.381818771362305 2.782379627227783 36.87272644042969 23.693082809448242 13.363635063171387 2.2773988246917725 159.5284355595703
200055 60226.252709 2023-10-09T06:03:54.058 1181.60144 main DARK 66.06802 204.486731 0.0 0.0 16.63333511352539 0.8031190037727356 39.255558013916016 3.442786693572998 13.38888931274414 0.7287736535072327 165.23117298608398
200056 60226.267605 2023-10-09T06:25:21.072 1143.905029 main DARK 69.897812 207.924938 0.0 0.0 15.711112022399902 1.7898634672164917 64.37777709960938 11.15479564666748 12.577777862548828 2.490370035171509 143.54716090039062
200057 60226.282032 2023-10-09T06:46:07.565 1076.404663 main DARK 69.304294 205.68129 0.0 0.0 14.487500190734863 0.5591766238212585 75.69999694824219 2.3682429790496826 11.3125 0.9538456201553345 129.9812930517578
200058 60226.295637 2023-10-09T07:05:43.037 1264.265259 main DARK 68.192779 208.634141 0.0 0.0 12.039999008178711 1.3729126453399658 75.52000427246094 1.2908222675323486 9.309999465942383 0.9290977120399475 133.11413672753906
200059 60226.311499 2023-10-09T07:28:33.514 1341.523193 main DARK 67.610509 206.630799 0.0 0.0 10.19999885559082 1.2229291200637817 70.08000183105469 4.425882339477539 7.960000038146973 0.7290785908699036 136.5507971689453
200060 60226.328235 2023-10-09T07:52:39.504 1231.408203 main DARK 62.218302 202.7465 0.0 0.0 9.489999771118164 0.7622334957122803 72.89999389648438 4.2718729972839355 7.390000343322754 0.7187180519104004 129.84650610351562
200061 60226.34368 2023-10-09T08:14:53.952 1300.377075 main DARK 66.171007 206.37893 0.0 0.0 6.710000038146973 1.2965338230133057 67.77999877929688 6.242649078369141 5.15000057220459 1.0384283065795898 138.59893122070312
200062 60226.359873 2023-10-09T08:38:13.027 980.673462 main DARK 64.727589 211.287747 0.0 0.0 5.412500381469727 0.45178213715553284 59.11249923706055 5.363751411437988 4.1875 0.3796144723892212 152.17524776293945
200063 60226.372038 2023-10-09T08:55:44.083 823.221069 main DARK 62.605346 219.588867 0.0 0.0 4.885714530944824 0.3338092267513275 28.700000762939453 10.677234649658203 3.7857143878936768 0.3387651741504669 169.11113376293946
200064 60226.382796 2023-10-09T09:11:13.574 1426.098755 main DARK 60.022049 209.335797 0.0 0.0 5.354545593261719 1.603348731994629 77.84545135498047 28.653913497924805 4.218181610107422 1.1720223426818848 131.49034564501954
200065 60226.40051 2023-10-09T09:36:44.064 1627.117432 main DARK 64.675781 214.142422 0.0 0.0 8.315384864807129 0.40588611364364624 115.56153869628906 5.2955217361450195 6.5307698249816895 0.7075598835945129 98.58088330371095
200066 60226.42051 2023-10-09T10:05:32.064 1668.509277 main DARK 62.344545 220.898202 0.0 0.0 8.976922988891602 0.7896767854690552 119.36153411865234 4.106202602386475 6.923076152801514 0.6495561003684998 101.53666788134765
200067 60226.44257 2023-10-09T10:37:18.048 1023.830444 main DARK 52.593837 27.617257 0.0 0.0 10.925000190734863 1.486846923828125 126.17500305175781 1.642949104309082 8.550000190734863 1.308215856552124 98.55774605175782
200068 60226.455226 2023-10-09T10:55:31.526 461.66568 main DARK 54.294709 25.396271 0.0 0.0 14.125 0.12583060562610626 129.25 2.1809804439544678 11.024999618530273 0.780491292476654 103.853729
200069 60226.461736 2023-10-09T11:04:53.990 1272.53125 main DARK 51.584135 21.759689 0.0 0.0 13.380000114440918 1.0591400861740112 143.8199920654297 5.0808587074279785 10.020000457763672 0.8508819341659546 122.06030306542968
200070 60226.477755 2023-10-09T11:27:58.032 1467.763672 main DARK 49.037229 19.448771 0.0 0.0 6.549999237060547 2.107346296310425 156.00831604003906 6.110121250152588 4.949999809265137 1.4712393283843994 136.55954504003907
200071 60226.496077 2023-10-09T11:54:21.053 1572.819336 main DARK 47.864471 19.629288 0.0 0.0 5.833333492279053 1.3792840242385864 187.5333251953125 18.47530746459961 4.608333110809326 0.8607168197631836 167.9040371953125
200072 60226.517385 2023-10-09T12:25:02.064 671.989807 main BRIGHT 47.573186 211.321407 0.0 0.0 5.233333110809326 0.3326660394668579 202.1666717529297 4.098129749298096 4.400000095367432 0.558569610118866 9.154735247070306
200170 60227.098264 2023-10-10T02:21:30.010 1361.926514 main DARK 55.483029 158.957767 0.0 0.0 15.118182182312012 0.6274045705795288 248.02725219726562 3.261312484741211 12.309091567993164 0.8537617325782776 89.06948519726564
200171 60227.11529 2023-10-10T02:46:01.056 1096.466797 main DARK 55.373611 158.899056 0.0 0.0 16.462501525878906 0.9210823178291321 251.96249389648438 2.012770652770996 13.212499618530273 1.4515386819839478 93.06343789648437
200172 60227.129126 2023-10-10T03:05:56.486 1107.137817 main DARK 55.369101 162.00328 0.0 0.0 16.61111068725586 1.9002923965454102 257.79998779296875 2.831523895263672 14.61111068725586 1.9547663927078247 95.79670779296876
200173 60227.143096 2023-10-10T03:26:03.494 1064.047363 main DARK 55.294046 165.197002 0.0 0.0 16.787500381469727 1.8984487056732178 256.42498779296875 1.6559373140335083 15.850000381469727 1.4050930738449097 91.22798579296875
200174 60227.156546 2023-10-10T03:45:25.574 1139.036743 main DARK 59.450476 172.315135 0.0 0.0 15.988887786865234 1.5511646270751953 258.0 4.59456205368042 14.311111450195312 1.7975291013717651 85.684865
200175 60227.17088 2023-10-10T04:06:04.032 1114.96936 main DARK 61.31761 174.742163 0.0 0.0 14.90000057220459 1.4756355285644531 260.1221923828125 3.6244935989379883 13.788888931274414 2.837888479232788 85.3800293828125
200176 60227.18492 2023-10-10T04:26:17.088 1335.38623 main DARK 63.541191 179.002317 0.0 0.0 13.472728729248047 0.8922901749610901 265.654541015625 5.6029205322265625 12.73636245727539 1.4847712516784668 86.652224015625
200177 60227.201569 2023-10-10T04:50:15.562 1446.203003 main DARK 63.752643 178.552207 0.0 0.0 14.672728538513184 1.1082335710525513 279.345458984375 2.565676212310791 13.036362648010254 1.5061688423156738 100.79325198437499
200178 60227.21952 2023-10-10T05:16:06.528 1251.962402 main DARK 67.245101 184.634043 1.0 1.0 15.100000381469727 1.4259498119354248 279.6400146484375 4.259679794311523 12.429999351501465 2.0896835327148438 95.00597164843751
200179 60227.23522 2023-10-10T05:38:43.008 1249.009399 main DARK 62.466151 190.536465 0.0 0.0 14.488889694213867 1.9009501934051514 276.8888854980469 3.5483956336975098 12.122222900390625 1.4210715293884277 86.35242049804688
200180 60227.250863 2023-10-10T06:01:14.563 1264.703491 main DARK 62.597122 193.59618 0.0 0.0 15.539999008178711 1.1226950883865356 278.92999267578125 1.5122073888778687 11.409998893737793 1.1892576217651367 85.33381267578125
200181 60227.266661 2023-10-10T06:23:59.510 1201.014771 main DARK 64.54815 200.688487 0.0 0.0 14.28888988494873 0.9061518311500549 279.5555419921875 2.4485199451446533 11.51111125946045 0.4728754162788391 78.86705499218749
