extended_exposure_data.ecsv
# %ECSV 1.0
# ---
# datatype:
# - {name: EXPID, datatype: int64}
# - {name: MJD, datatype: float64}
# - {name: TIMESTAMP, datatype: string}
# - {name: SURVEY, datatype: string}
# - {name: PROGRAM, datatype: string}
# - {name: MOUNT_EL, datatype: float64}
# - {name: MOUNT_AZ, datatype: float64}
# - {name: WIND_GUST_SUM, datatype: float64}
# - {name: WIND_SHAKE_SUM, datatype: float64}
# - {name: WIND_SPEED_AVG, datatype: float64}
# - {name: WIND_SPEED_STD, datatype: float64}
# - {name: WIND_DIRECTION_AVG, datatype: float64}
# - {name: WIND_DIRECTION_STD, datatype: float64}
# - {name: GUST_AVG, datatype: float64}
# - {name: GUST_STD, datatype: float64}
# - {name: WIND_OPENING_ANGLE, datatype: float64}
# meta: !!omap
# - __serialized_columns__:
#     TIMESTAMP:
#       __class__: astropy.time.core.Time
#       format: isot
#       in_subfmt: '*'
#       out_subfmt: '*'
#       precision: 3
#       scale: utc
#       value: !astropy.table.SerializedColumn {name: TIMESTAMP}
# schema: astropy-2.0
EXPID MJD TIMESTAMP SURVEY PROGRAM MOUNT_EL MOUNT_AZ WIND_GUST_SUM WIND_SHAKE_SUM WIND_SPEED_AVG WIND_SPEED_STD WIND_DIRECTION_AVG WIND_DIRECTION_STD GUST_AVG GUST_STD WIND_OPENING_ANGLE
[from data line 6679]
136311 59722.172415 2022-05-23T04:08:16.656 main DARK 63.493244 175.811239 0.0 0.0 20.549999237060547 1.8810458183288574 192.22000122070312 7.1251959800720215 17.969999313354492 2.218132257461548 16.408762220703125
136312 59722.183938 2022-05-23T04:24:52.243 main DARK 63.465405 185.090869 27.0 16.0 21.733333587646484 1.0931603908538818 180.90000915527344 7.40337610244751 19.566667556762695 2.209071636199951 4.19085984472656
136313 59722.198393 2022-05-23T04:45:41.155 main BRIGHT 63.589334 172.099922 20.0 15.0 19.860000610351562 3.435549736022949 187.51998901367188 17.01931381225586 19.680002212524414 3.7070205211639404 15.420067013671883
136314 59722.211044 2022-05-23T05:03:54.202 main BRIGHT 63.774738 182.51542 13.0 10.0 22.760000228881836 0.9607291221618652 183.42001342773438 6.693428993225098 16.860000610351562 6.475183486938477 0.904593427734369
136316 59722.228075 2022-05-23T05:28:25.680 main BRIGHT 88.272197 40.072888 26.0 20.0 20.849998474121094 1.9017541408538818 177.15000915527344 5.756443023681641 19.05000114440918 8.856071472167969 137.07712115527343
136317 59722.236067 2022-05-23T05:39:56.189 main BRIGHT 82.92232 355.241886 0.0 0.0 21.959999084472656 5.7090277671813965 180.94000244140625 15.032062530517578 20.3799991607666 4.041904926300049 174.30188355859377
136318 59722.243688 2022-05-23T05:50:54.643 main BRIGHT 81.699804 22.262152 1.0 1.0 22.420000076293945 2.609022855758667 178.92001342773438 11.14795970916748 20.14000129699707 4.745840549468994 156.65786142773436
136319 59722.251634 2022-05-23T06:02:21.178 main BRIGHT 86.374317 67.35926 0.0 0.0 21.619998931884766 2.40769624710083 176.41998291015625 11.1962890625 15.280000686645508 4.443197250366211 109.06072291015624
136320 59722.258075 2022-05-23T06:11:37.680 main DARK 85.730396 325.727936 0.0 0.0 21.329998016357422 3.6499767303466797 173.44000244140625 9.031450271606445 17.380001068115234 4.934414386749268 152.28793355859375
136321 59722.272138 2022-05-23T06:31:52.723 main DARK 83.781568 271.310867 3.0 2.0 25.32000160217285 2.793166160583496 173.70999145507812 7.107970237731934 20.239999771118164 5.1359734535217285 97.60087554492185
136322 59722.285616 2022-05-23T06:51:17.222 main BRIGHT 88.483322 324.414738 3.0 0.0 26.860000610351562 2.671703577041626 162.3599853515625 7.580763339996338 20.279998779296875 4.375156879425049 162.0547526484375
136323 59722.298156 2022-05-23T07:09:20.678 main BRIGHT 85.079821 285.975616 1.0 1.0 27.44999885559082 1.841194987297058 167.9499969482422 4.003750801086426 27.924999237060547 3.0576412677764893 118.02561905175781
136324 59722.306837 2022-05-23T07:21:50.717 main BRIGHT 88.368466 307.722057 1.0 0.0 29.799999237060547 3.863288640975952 168.44000244140625 4.2264628410339355 22.920000076293945 5.451330184936523 139.28205455859376
136325 59722.319134 2022-05-23T07:39:33.178 main BRIGHT 86.075758 323.18184 2.0 0.0 31.260000228881836 4.249470233917236 165.98001098632812 8.013548851013184 27.360000610351562 5.539223670959473 157.2018290136719
136326 59722.327173 2022-05-23T07:51:07.747 main BRIGHT 87.562221 318.158273 0.0 0.0 29.65999984741211 2.713484525680542 158.01998901367188 6.492457866668701 24.17999839782715 4.528465270996094 160.13828398632813
136327 59722.332022 2022-05-23T07:58:06.701 main DARK 80.979407 279.130976 1.0 1.0 31.799997329711914 3.2062435150146484 158.8111114501953 5.886307716369629 24.788888931274414 3.299410820007324 120.31986454980466
136328 59722.342526 2022-05-23T08:13:14.246 main DARK 76.741594 292.914111 1.0 1.0 35.19000244140625 1.380378007888794 154.60000610351562 1.7688663005828857 27.71000099182129 1.6237472295761108 138.31410489648437
136329 59722.354018 2022-05-23T08:29:47.155 main DARK 76.747009 287.762166 0.0 0.0 33.790000915527344 1.9501843452453613 151.3199920654297 2.16835880279541 27.299999237060547 0.8445907831192017 136.4421739345703
136330 59722.365547 2022-05-23T08:46:23.261 main DARK 76.618572 281.984848 0.0 0.0 36.57999801635742 1.49354088306427 150.19000244140625 1.6927627325057983 28.130001068115234 1.0551990270614624 131.79484555859375
136331 59722.379215 2022-05-23T09:06:04.176 main DARK 75.614381 275.837979 0.0 0.0 36.159996032714844 2.1344785690307617 155.6899871826172 1.637374758720398 27.78000259399414 2.8397181034088135 120.14799181738283
136332 59722.39451 2022-05-23T09:28:05.664 main DARK 70.899721 277.031712 7.0 7.0 25.05555534362793 2.6655731201171875 154.95555114746094 6.129662990570068 23.866666793823242 3.2268407344818115 122.07616085253909
136333 59722.410482 2022-05-23T09:51:05.645 main DARK 72.379974 276.675278 0.0 0.0 31.88888931274414 1.3061820268630981 152.8111114501953 1.449522614479065 25.066665649414062 0.6204836964607239 123.86416654980468
136334 59722.422051 2022-05-23T10:07:45.206 main BRIGHT 77.413176 296.344994 0.0 0.0 31.439998626708984 1.3813034296035767 148.5800018310547 1.9816645383834839 24.71999740600586 0.544977068901062 147.7649921689453
136335 59722.430783 2022-05-23T10:20:19.651 main BRIGHT 76.824719 308.906202 0.0 0.0 28.740001678466797 0.9370161890983582 150.0 1.3564661741256714 22.520000457763672 0.9833617806434631 158.906202
136336 59722.43719 2022-05-23T10:29:33.216 main BRIGHT 77.117686 317.049749 0.0 0.0 26.450000762939453 1.4200937747955322 150.72500610351562 0.5619910955429077 21.875 1.2526636123657227 166.3247428964844
136337 59722.443434 2022-05-23T10:38:32.698 main DARK 69.667351 271.617461 0.0 0.0 27.6299991607666 1.635067343711853 152.49000549316406 2.204261541366577 22.110000610351562 0.9949316382408142 119.12745550683593
136338 59722.457357 2022-05-23T10:58:35.645 main DARK 68.643897 275.830014 0.0 0.0 28.366666793823242 0.6855655312538147 157.9888916015625 1.5414624214172363 21.844444274902344 0.5570258498191833 117.8411223984375
136339 59722.465685 2022-05-23T11:10:35.184 main BRIGHT 67.900938 321.284077 0.0 0.0 29.139999389648438 0.5224944949150085 156.75999450683594 0.884873628616333 22.18000030517578 0.2167946994304657 164.5240824931641
136340 59722.47098 2022-05-23T11:18:12.672 main BRIGHT 66.26537 328.498047 0.0 0.0 28.979999542236328 0.6016641855239868 154.760009765625 0.6693300604820251 22.419998168945312 0.6833739280700684 173.73803723437499
136442 59723.134812 2022-05-24T03:14:07.757 main BACKUP 53.300126 165.439934 0.0 0.0 22.049999237060547 0.6363958716392517 236.10000610351562 0.7071067690849304 17.349998474121094 0.7778177261352539 70.66007210351563
136443 59723.142561 2022-05-24T03:25:17.270 main BACKUP 60.13037 174.078847 0.0 0.0 23.049999237060547 0.21213284134864807 231.6999969482422 3.535533905029297 18.299999237060547 1.4142135381698608 57.62114994824219
136444 59723.148301 2022-05-24T03:33:33.206 main BRIGHT 63.772159 159.700438 0.0 0.0 22.69999885559082 1.3765904903411865 232.22000122070312 2.812831401824951 18.639999389648438 0.4098775386810303 72.51956322070313
136445 59723.162919 2022-05-24T03:54:36.202 main BRIGHT 64.919426 172.132774 0.0 0.0 22.65999984741211 1.5109599828720093 235.3800048828125 1.7268474102020264 18.299999237060547 0.5522680878639221 63.24723088281249
136446 59723.169401 2022-05-24T04:03:56.246 main BRIGHT 61.60718 161.771225 0.0 0.0 22.849998474121094 0.26457518339157104 229.75 1.828476905822754 17.974998474121094 0.7932002544403076 67.97877500000001
136447 59723.177335 2022-05-24T04:15:21.744 main BRIGHT 65.521971 169.350051 0.0 0.0 24.53999900817871 1.2759310007095337 222.47998046875 2.0668816566467285 19.979999542236328 1.9018410444259644 53.12992946874999
136448 59723.183856 2022-05-24T04:24:45.158 main DARK 62.654005 171.831512 0.0 0.0 25.066667556762695 1.3811225891113281 221.68890380859375 1.8189576864242554 20.16666603088379 1.4679917097091675 49.857391808593746
136449 59723.203377 2022-05-24T04:52:51.773 main DARK 52.604885 171.181307 0.0 0.0 27.76666831970215 0.32787227630615234 218.5 1.6695833206176758 21.511112213134766 0.4136558175086975 47.318692999999996
136450 59723.217844 2022-05-24T05:13:41.722 main DARK 60.789383 178.779607 0.0 0.0 28.488887786865234 0.2848002314567566 218.95556640625 1.4009895324707031 22.377777099609375 0.6200355291366577 40.17595940625
136451 59723.229262 2022-05-24T05:30:08.237 main DARK 60.590456 187.497953 0.0 0.0 26.799999237060547 1.1022703647613525 217.15554809570312 1.47995924949646 20.71111297607422 1.9927645921707153 29.65759509570313
136452 59723.245639 2022-05-24T05:53:43.210 main DARK 54.199434 179.713411 0.0 0.0 26.4777774810791 1.0986101627349854 212.06668090820312 2.6650519371032715 21.16666603088379 1.1067973375320435 32.35326990820312
136453 59723.259603 2022-05-24T06:13:49.699 main BRIGHT 62.935564 180.475999 0.0 0.0 28.65999984741211 0.6465287804603577 213.1999969482422 2.4849534034729004 22.559999465942383 0.7436397671699524 32.723997948242186
136454 59723.268318 2022-05-24T06:26:22.675 main BRIGHT 62.352999 180.235385 0.0 0.0 27.700000762939453 0.9300533533096313 212.51998901367188 2.6109378337860107 21.880001068115234 0.32710811495780945 32.28460401367187
136455 59723.284256 2022-05-24T06:49:19.718 main BRIGHT 63.867537 186.836827 0.0 0.0 21.0 3.065126419067383 210.260009765625 2.5744903087615967 18.479999542236328 1.347961187362671 23.423182765625
136456 59723.291842 2022-05-24T07:00:15.149 main BRIGHT 66.676611 190.71681 1.0 1.0 19.299999237060547 1.9761073589324951 207.9600067138672 4.619848728179932 17.780000686645508 1.3479613065719604 17.243196713867178
136457 59723.302676 2022-05-24T07:15:51.206 main BRIGHT 77.085306 185.906271 2.0 1.0 17.1200008392334 2.730750799179077 209.8400115966797 3.429725170135498 13.0 3.967367172241211 23.933740596679684
136458 59723.307966 2022-05-24T07:23:28.262 main BRIGHT 69.654961 190.785695 3.0 3.0 17.020000457763672 1.0425931215286255 205.1800079345703 2.2807884216308594 12.5 2.9723730087280273 14.394312934570308
136459 59723.318811 2022-05-24T07:39:05.270 main BRIGHT 70.998595 188.738595 1.0 0.0 17.639999389648438 1.1392982006072998 202.3199920654297 4.279837131500244 14.619999885559082 2.570408821105957 13.581397065429684
136460 59723.333041 2022-05-24T07:59:34.742 main BRIGHT 69.763124 187.183052 0.0 0.0 19.96000099182129 3.2446882724761963 210.48001098632812 7.490126132965088 18.14000129699707 0.786129891872406 23.29695898632812
136461 59723.348185 2022-05-24T08:21:23.184 main BRIGHT 65.663151 191.050355 1.0 0.0 17.479999542236328 3.6478757858276367 213.77999877929688 7.299450874328613 15.519999504089355 1.3572027683258057 22.72964377929688
136462 59723.36373 2022-05-24T08:43:46.272 main BRIGHT 67.617647 200.150165 0.0 0.0 14.35999870300293 1.505988359451294 224.4400177001953 10.174137115478516 12.399999618530273 1.7846567630767822 24.289852700195325
136463 59723.380662 2022-05-24T09:08:09.197 main BRIGHT 67.330665 200.495943 0.0 0.0 12.625 1.8191114664077759 265.5 27.647659301757812 11.700000762939453 2.450850248336792 65.00405699999999
136464 59723.392914 2022-05-24T09:25:47.770 main BRIGHT 68.020047 219.580072 0.0 0.0 12.959999084472656 0.5683308839797974 262.0799865722656 12.630603790283203 10.619999885559082 1.9097121953964233 42.499914572265624
136465 59723.401826 2022-05-24T09:38:37.766 main BRIGHT 71.920133 227.436683 0.0 0.0 13.199999809265137 1.0885772705078125 272.6000061035156 8.384214401245117 10.819999694824219 1.736951231956482 45.16332310351564
136466 59723.408249 2022-05-24T09:47:52.714 main DARK 67.791941 222.873044 1.0 1.0 13.100000381469727 2.101785182952881 272.8666687011719 8.004997253417969 10.700000762939453 2.0426697731018066 49.99362470117188
136467 59723.422063 2022-05-24T10:07:46.243 main DARK 68.04395 277.865311 0.0 0.0 12.5 2.3261797428131104 279.0099792480469 8.869102478027344 10.059999465942383 1.7366634607315063 1.1446682480468553
136468 59723.433422 2022-05-24T10:24:07.661 main DARK 64.525125 278.904411 0.0 0.0 11.619999885559082 1.4374359846115112 280.8500061035156 6.70327091217041 9.730000495910645 1.0424864292144775 1.9455951035156431
136469 59723.450286 2022-05-24T10:48:24.710 main BRIGHT 70.223652 309.437485 0.0 0.0 9.360000610351562 0.21908879280090332 309.41998291015625 3.144364833831787 7.5 0.2915475070476532 0.017502089843731028
136470 59723.457451 2022-05-24T10:58:43.766 main BRIGHT 67.310721 315.79101 0.0 0.0 9.680000305175781 1.3663820028305054 307.3800354003906 4.584435939788818 7.940000057220459 1.013903260231018 8.410974599609403
136471 59723.466756 2022-05-24T11:12:07.718 main BRIGHT 60.26418 350.364241 0.0 0.0 8.674999237060547 0.6800737977027893 306.75 3.514253616333008 7.274999618530273 0.45734745264053345 43.61424099999999
136472 59723.475581 2022-05-24T11:24:50.198 main BRIGHT 56.260962 349.389431 0.0 0.0 10.739999771118164 1.052615761756897 304.3799743652344 2.947370767593384 8.0 0.9591662883758545 45.00945663476563
136569 59724.135489 2022-05-25T03:15:06.250 main BACKUP 63.792037 181.033996 0.0 0.0 13.100000381469727 5.656854152679443 248.95001220703125 25.667978286743164 12.649999618530273 2.050610065460205 67.91601620703125
136570 59724.143909 2022-05-25T03:27:13.738 main BACKUP 52.985242 167.211964 0.0 0.0 21.200000762939453 0.2828424572944641 233.4499969482422 3.6062488555908203 19.299999237060547 1.5556341409683228 66.23803294824219
136571 59724.152017 2022-05-25T03:38:54.269 main BACKUP 51.059499 175.888385 0.0 0.0 16.16666603088379 2.289832353591919 234.09999084472656 6.260195732116699 12.866665840148926 2.6501569747924805 58.21160584472656
136572 59724.15778 2022-05-25T03:47:12.192 main BRIGHT 51.708156 171.511618 0.0 0.0 16.360000610351562 1.7472832202911377 238.5 4.459257125854492 13.960000991821289 1.9692635536193848 66.988382
136573 59724.168319 2022-05-25T04:02:22.762 main BRIGHT 62.396596 166.345237 0.0 0.0 18.31999969482422 2.4793143272399902 228.0399932861328 3.6848318576812744 17.219999313354492 1.8646717071533203 61.694756286132815
136574 59724.175992 2022-05-25T04:13:25.709 main BRIGHT 66.065377 174.682009 0.0 0.0 20.57499885559082 1.3022421598434448 233.6750030517578 1.748092770576477 16.399999618530273 0.9128707647323608 58.99299405175782
136575 59724.183168 2022-05-25T04:23:45.715 main DARK 64.481257 174.929295 0.0 0.0 19.85555648803711 1.3106403350830078 236.42222595214844 4.056408882141113 15.61111068725586 1.2524417638778687 61.49293095214844
136576 59724.194638 2022-05-25T04:40:16.723 main DARK 64.496577 184.576591 0.0 0.0 21.08888816833496 2.4675111770629883 247.6222381591797 4.310969829559326 16.577777862548828 2.3220560550689697 63.04564715917968
136577 59724.205327 2022-05-25T04:55:40.253 main DARK 62.451367 183.996862 1.0 0.0 20.88888931274414 3.2362959384918213 257.27777099609375 9.600752830505371 17.211111068725586 2.6685409545898438 73.28090899609376
136578 59724.221149 2022-05-25T05:18:27.274 main DARK 61.800934 181.93349 0.0 0.0 19.566665649414062 1.913112759590149 260.74444580078125 5.112999439239502 16.77777862548828 2.0185253620147705 78.81095580078124
136579 59724.234511 2022-05-25T05:37:41.750 main DARK 54.08651 174.896834 0.0 0.0 20.410001754760742 1.229678988456726 256.40997314453125 2.7906394004821777 16.760000228881836 1.8038231134414673 81.51313914453124
136580 59724.248284 2022-05-25T05:57:31.738 main DARK 53.189513 190.012133 0.0 0.0 22.822223663330078 1.2224751710891724 254.96665954589844 1.6568019390106201 17.97777557373047 0.9404489994049072 64.95452654589843
136581 59724.26134 2022-05-25T06:16:19.776 main DARK 53.816673 185.654539 0.0 0.0 20.380001068115234 2.2773280143737793 256.25 1.875719666481018 17.67999839782715 2.5297346115112305 70.595461
136582 59724.276837 2022-05-25T06:38:38.717 main DARK 61.221913 185.451077 0.0 0.0 20.299999237060547 2.8151376247406006 258.9888916015625 4.909030437469482 17.399999618530273 2.029778480529785 73.5378146015625
136583 59724.284511 2022-05-25T06:49:41.750 main DARK 62.193621 198.195226 0.0 0.0 21.566667556762695 1.574007272720337 256.6777648925781 1.167024850845337 17.644445419311523 1.2865757942199707 58.482538892578134
