extended_exposure_data.ecsv
# %ECSV 1.0
# ---
# datatype:
# - {name: EXPID, datatype: int64}
# - {name: MJD, datatype: float64}
# - {name: TIMESTAMP, datatype: string}
# - {name: EXPTIME, datatype: float64}
# - {name: SURVEY, datatype: string}
# - {name: PROGRAM, datatype: string}
# - {name: MOUNT_EL, datatype: float64}
# - {name: MOUNT_AZ, datatype: float64}
# - {name: WIND_GUST_SUM, datatype: float64}
# - {name: WIND_SHAKE_SUM, datatype: float64}
# - {name: WIND_SPEED_AVG, datatype: float64}
# - {name: WIND_SPEED_STD, datatype: float64}
# - {name: WIND_DIRECTION_AVG, datatype: float64}
# - {name: WIND_DIRECTION_STD, datatype: float64}
# - {name: GUST_AVG, datatype: float64}
# - {name: GUST_STD, datatype: float64}
# - {name: WIND_OPENING_ANGLE, datatype: float64}
# meta: !!omap
# - __serialized_columns__:
#     TIMESTAMP:
#       __class__: astropy.time.core.Time
#       format: isot
#       in_subfmt: '*'
#       out_subfmt: '*'
#       precision: 3
#       scale: utc
#       value: !astropy.table.SerializedColumn {name: TIMESTAMP}
# schema: astropy-2.0
EXPID MJD TIMESTAMP EXPTIME SURVEY PROGRAM MOUNT_EL MOUNT_AZ WIND_GUST_SUM WIND_SHAKE_SUM WIND_SPEED_AVG WIND_SPEED_STD WIND_DIRECTION_AVG WIND_DIRECTION_STD GUST_AVG GUST_STD WIND_OPENING_ANGLE
[from data line 2362]
112328 59553.543283 2021-12-05T13:02:19.651 344.956085 main BRIGHT 48.69989 165.549579 1.0 0.0 7.5333333015441895 0.4932885468006134 340.0 1.2999995946884155 8.399999618530273 0.7999999523162842 174.450421
112329 59553.54907 2021-12-05T13:10:39.648 263.10257 main BRIGHT 51.269022 164.681002 0.0 0.0 7.449999809265137 0.3535533845424652 341.04998779296875 0.49496179819107056 7.700000286102295 0.5656855702400208 176.36898579296874
112509 59554.056739 2021-12-06T01:21:42.250 527.689453 main BRIGHT 86.641157 223.785636 0.0 0.0 10.649999618530273 0.3415651321411133 317.2249755859375 2.1746647357940674 8.074999809265137 0.34034284949302673 93.43933958593749
112510 59554.064753 2021-12-06T01:33:14.659 310.798828 main BRIGHT 82.129747 215.028513 0.0 0.0 10.399999618530273 0.4582573473453522 312.5333251953125 0.9291505217552185 8.09999942779541 0.20000004768371582 97.5048121953125
112511 59554.070644 2021-12-06T01:41:43.642 1130.713501 main DARK 74.27915 179.437236 0.0 0.0 11.433332443237305 1.5305228233337402 318.6888732910156 1.994018793106079 8.411111831665039 1.2474417686462402 139.2516372910156
112512 59554.085673 2021-12-06T02:03:22.147 1069.480713 main DARK 80.723345 194.279361 0.0 0.0 7.337499618530273 1.4696332216262817 345.8125 7.029009819030762 5.574999809265137 0.8956243395805359 151.533139
112513 59554.099904 2021-12-06T02:23:51.706 1302.243164 main DARK 83.38985 208.150421 0.0 0.0 6.318181991577148 1.101651668548584 86.95454406738281 93.86522674560547 4.909090995788574 1.0596740245819092 121.19587693261718
112514 59554.116871 2021-12-06T02:48:17.654 1150.873901 main DARK 80.234249 202.753322 0.0 0.0 5.388888835906982 0.650854229927063 56.07777786254883 14.418806076049805 4.200000286102295 0.4716990292072296 146.67554413745117
112515 59554.132114 2021-12-06T03:10:14.650 1366.703735 main DARK 76.837665 198.085744 0.0 0.0 4.509999752044678 0.7475144267082214 51.97999954223633 15.72293472290039 3.3400001525878906 0.5460973381996155 146.10574445776368
112516 59554.149771 2021-12-06T03:35:40.214 983.232056 main DARK 78.819614 217.056756 0.0 0.0 3.942857265472412 0.45773768424987793 103.27143096923828 143.7666778564453 3.2428572177886963 0.38234859704971313 113.78532503076173
112517 59554.163006 2021-12-06T03:54:43.718 948.263367 main DARK 77.827083 220.270086 0.0 0.0 4.0428571701049805 1.2554643154144287 262.1285705566406 123.2685546875 3.171428680419922 0.6897205114364624 41.85848455664063
112518 59554.17583 2021-12-06T04:13:11.712 880.34082 main DARK 77.226958 221.721116 0.0 0.0 2.942857265472412 0.43534332513809204 49.67142868041992 7.5457963943481445 2.2428572177886963 0.26367369294166565 172.04968731958007
112519 59554.187861 2021-12-06T04:30:31.190 899.341187 main DARK 77.604386 221.994935 0.0 0.0 3.1500000953674316 0.67400723695755 50.962501525878906 8.626361846923828 2.424999952316284 0.5284748673439026 171.0324334741211
112520 59554.200112 2021-12-06T04:48:09.677 1053.939331 main DARK 78.143631 237.643507 0.0 0.0 4.537499904632568 0.7288689613342285 87.625 13.871939659118652 3.625 0.49785253405570984 150.018507
112521 59554.21421 2021-12-06T05:08:27.744 1111.873169 main DARK 78.472521 236.097151 0.0 0.0 4.644444465637207 0.6463573575019836 82.85556030273438 4.291010856628418 3.5999996662139893 0.4527692496776581 153.24159069726562
112522 59554.228879 2021-12-06T05:29:35.146 1034.480591 main DARK 77.521805 253.707752 0.0 0.0 3.950000286102295 0.23904581367969513 91.38749694824219 3.2826128005981445 3.125 0.13887301087379456 162.3202550517578
112523 59554.242647 2021-12-06T05:49:24.701 948.655212 main DARK 74.252067 273.852601 0.0 0.0 5.214285850524902 0.40178167819976807 101.55713653564453 4.683252811431885 3.9571425914764404 0.34572216868400574 172.29546446435546
112524 59554.25671 2021-12-06T06:09:39.744 1474.466675 main DARK 41.836172 196.132847 0.0 0.0 3.366666555404663 1.2375439405441284 199.4750213623047 41.297149658203125 2.741666793823242 0.904994547367096 3.3421743623046893
112525 59554.275945 2021-12-06T06:37:21.648 1753.010864 main DARK 42.419101 191.724615 0.0 0.0 6.078571319580078 0.4995051622390747 251.92141723632812 3.680757999420166 4.764285564422607 0.47329801321029663 60.196802236328125
112526 59554.298139 2021-12-06T07:09:19.210 1518.039307 main DARK 41.30666 193.527525 0.0 0.0 6.049999713897705 0.6947858333587646 245.43333435058594 4.4618239402771 4.491666793823242 0.4187825322151184 51.90580935058594
112527 59554.319065 2021-12-06T07:39:27.216 1445.001465 main DARK 60.699393 56.784026 0.0 0.0 5.491666793823242 1.0612671375274658 237.9499969482422 16.675050735473633 4.266666889190674 0.6997835636138916 178.8340290517578
112528 59554.337699 2021-12-06T08:06:17.194 1053.37146 main DARK 60.69803 54.8496 0.0 0.0 6.049999713897705 0.9102590084075928 212.6999969482422 7.5010480880737305 4.849999904632568 0.6782330870628357 157.85039694824218
112529 59554.351738 2021-12-06T08:26:30.163 1191.931152 main DARK 61.930689 59.518066 0.0 0.0 8.933333396911621 0.4555215537548065 231.36666870117188 5.309662342071533 6.955555438995361 0.32829520106315613 171.84860270117187
112530 59554.368417 2021-12-06T08:50:31.229 981.812012 main DARK 63.279349 84.081446 0.0 0.0 10.200000762939453 0.834950864315033 229.03750610351562 3.09051251411438 7.974999904632568 0.6984677314758301 144.95606010351563
112531 59554.381617 2021-12-06T09:09:31.709 1103.592773 main DARK 63.77309 93.349639 0.0 0.0 12.311110496520996 0.2847999930381775 228.90000915527344 2.309760570526123 9.511112213134766 0.34801021218299866 135.55037015527344
112532 59554.396594 2021-12-06T09:31:05.722 1044.819214 main DARK 59.629813 117.859464 0.0 0.0 11.875 0.26049405336380005 230.0749969482422 0.5311733484268188 9.200000762939453 0.2618614733219147 112.21553294824218
112533 59554.41054 2021-12-06T09:51:10.656 1070.7948 main DARK 58.471377 127.03167 0.0 0.0 12.887499809265137 0.21671229600906372 231.46249389648438 0.8634417057037354 9.737499237060547 0.23260939121246338 104.43082389648437
112534 59554.424783 2021-12-06T10:11:41.251 1070.997192 main DARK 61.106865 127.326824 0.0 0.0 12.300000190734863 0.17320506274700165 224.04444885253906 3.632874011993408 9.311111450195312 0.23687775433063507 96.71762485253906
112535 59554.438973 2021-12-06T10:32:07.267 1074.052124 main DARK 62.013023 130.27576 0.0 0.0 11.762499809265137 0.1846812516450882 222.8874969482422 4.776561260223389 8.850000381469727 0.21380911767482758 92.6117369482422
112536 59554.453225 2021-12-06T10:52:38.640 1041.233887 main DARK 64.794018 130.819663 0.0 0.0 11.744444847106934 0.25549525022506714 238.63333129882812 2.5932579040527344 9.100000381469727 0.2738613784313202 107.81366829882813
112537 59554.467109 2021-12-06T11:12:38.218 937.989868 main DARK 65.802467 131.662511 0.0 0.0 12.399999618530273 0.3366502523422241 235.3000030517578 0.5228102803230286 9.428571701049805 0.36384204030036926 103.63749205175782
112538 59554.479794 2021-12-06T11:30:54.202 1155.635132 main DARK 64.425749 135.616078 0.0 0.0 12.444443702697754 0.18104644119739532 245.42222595214844 1.7718485593795776 9.566666603088379 0.23452068865299225 109.80614795214845
112539 59554.494985 2021-12-06T11:52:46.704 1146.140991 main DARK 63.061807 143.549078 0.0 0.0 12.222222328186035 0.5068968534469604 245.34445190429688 1.248110055923462 9.355555534362793 0.43906450271606445 101.79537390429687
112540 59554.510083 2021-12-06T12:14:31.171 1287.572632 main DARK 61.166354 150.537063 0.0 0.0 11.227272987365723 0.8730302453041077 238.75457763671875 5.33091926574707 8.536362648010254 0.6070794463157654 88.21751463671876
112541 59554.527219 2021-12-06T12:39:11.722 443.137604 main DARK 48.128558 160.996726 0.0 0.0 10.5 1.6020817756652832 223.97500610351562 1.7385385036468506 7.5 0.11546994745731354 62.97828010351563
112542 59554.534077 2021-12-06T12:49:04.253 866.246643 main DARK 52.414602 161.048156 0.0 0.0 10.399999618530273 1.116542100906372 215.6999969482422 4.658324718475342 7.671428203582764 0.38606691360473633 54.65184094824218
112543 59554.545916 2021-12-06T13:06:07.142 399.996399 main BRIGHT 51.231636 164.424988 0.0 0.0 10.399999618530273 0.20000028610229492 214.9666748046875 0.47257864475250244 8.033333778381348 0.30550527572631836 50.54168680468749
112544 59554.552329 2021-12-06T13:15:21.226 398.947998 main BRIGHT 53.841539 163.83371 0.0 0.0 10.166666984558105 0.11546994000673294 216.0 0.7211140394210815 7.733333587646484 0.11547021567821503 52.166290000000004
112648 59555.071889 2021-12-07T01:43:31.210 967.48114 main BRIGHT 70.207852 198.992977 17.0 12.0 16.774999618530273 2.2789406776428223 189.55001831054688 6.855443000793457 16.125 2.6767513751983643 9.442958689453121
112649 59555.08521 2021-12-07T02:02:42.144 1438.821289 main BRIGHT 67.755475 189.682185 26.0 11.0 21.899999618530273 1.5855597257614136 173.1818084716797 5.953121662139893 18.68181800842285 2.509509325027466 16.500376528320317
112650 59555.103724 2021-12-07T02:29:21.754 967.485962 main BRIGHT 63.055889 191.801347 24.0 14.0 25.542858123779297 2.418579339981079 158.61428833007812 3.3918673992156982 20.85714340209961 1.5229982137680054 33.18705866992187
112651 59555.118185 2021-12-07T02:50:11.184 610.555725 main BACKUP 59.099316 171.123378 1.0 1.0 20.479999542236328 1.1713238954544067 183.77999877929688 3.6251864433288574 19.020000457763672 2.174166202545166 12.656620779296873
112652 59555.127184 2021-12-07T03:03:08.698 609.079041 main BACKUP 62.964798 160.597321 0.0 0.0 24.299999237060547 2.442335367202759 175.36000061035156 7.994248867034912 20.68000030517578 3.923901319503784 14.762679610351569
112653 59555.136067 2021-12-07T03:15:56.189 607.891785 main BACKUP 60.422774 166.123613 8.0 3.0 30.399999618530273 2.273763656616211 165.39999389648438 1.2786704301834106 24.439998626708984 4.324697017669678 0.723619103515631
112654 59555.144962 2021-12-07T03:28:44.717 608.783691 main BACKUP 56.665274 165.040013 9.0 6.0 32.42000198364258 3.4127702713012695 160.63998413085938 1.919112205505371 28.020000457763672 1.651363492012024 4.400028869140613
112655 59555.153816 2021-12-07T03:41:29.702 602.726685 main BACKUP 56.192655 165.023578 9.0 3.0 34.55999755859375 1.8174153566360474 162.75999450683594 2.3922784328460693 30.98000144958496 1.3917611837387085 2.263583493164049
112656 59555.162635 2021-12-07T03:54:11.664 299.269409 main BACKUP 59.000793 166.011491 4.0 2.0 37.150001525878906 2.1920325756073 158.39999389648438 0.9899559617042542 29.049999237060547 1.626346468925476 7.611497103515632
112657 59555.168353 2021-12-07T04:02:25.699 1436.772583 main BRIGHT 65.476708 196.466631 137.0 90.0 41.4636344909668 0.8936133980751038 157.86363220214844 0.8823541402816772 32.04545593261719 0.573347270488739 38.60299879785157
112658 59555.186779 2021-12-07T04:28:57.706 391.74826 main BRIGHT 66.471191 209.137779 41.0 25.0 40.63333511352539 0.9291590452194214 160.03334045410156 0.9451659321784973 31.0 1.0440313816070557 49.10443854589843
112659 59555.194771 2021-12-07T04:40:28.214 913.964294 main BRIGHT 66.202676 207.562403 105.0 75.0 37.65713882446289 2.617795705795288 168.2571563720703 3.3674192428588867 31.34285545349121 2.1321794986724854 39.30524662792968
112660 59555.206339 2021-12-07T04:57:07.690 454.380554 main BRIGHT 64.211334 216.744173 29.0 19.0 34.775001525878906 3.233548641204834 171.27499389648438 2.4567906856536865 32.79999923706055 0.9055380821228027 45.469179103515614
112661 59555.224053 2021-12-07T05:22:38.179 1311.925537 main BRIGHT 44.151982 198.309988 7.0 5.0 35.459999084472656 2.5630710124969482 192.80001831054688 5.184163570404053 32.06999969482422 5.662753582000732 5.509969689453129
112662 59555.242595 2021-12-07T05:49:20.208 1047.871582 main BRIGHT 43.124843 197.836288 4.0 0.0 33.650001525878906 3.010457992553711 201.78750610351562 3.2476110458374023 29.725000381469727 4.294764518737793 3.951218103515629
112663 59555.255743 2021-12-07T06:08:16.195 1129.646362 main BRIGHT 41.624077 204.034119 0.0 0.0 30.04444694519043 3.3679044246673584 200.9666748046875 3.7884681224823 31.400001525878906 6.649247646331787 3.067444195312504
112664 59555.273492 2021-12-07T06:33:49.709 608.970032 main BACKUP 42.822151 161.961999 0.0 0.0 31.920001983642578 4.537841320037842 199.83999633789062 5.723901748657227 33.1400032043457 2.702406167984009 37.87799733789063
112665 59555.282335 2021-12-07T06:46:33.744 602.08429 main BACKUP 43.122767 170.655583 0.0 0.0 28.579998016357422 1.687305212020874 204.3800048828125 6.390775203704834 19.560001373291016 5.986067295074463 33.72442188281249
112666 59555.29116 2021-12-07T06:59:16.224 604.149292 main BACKUP 44.584349 165.716642 0.0 0.0 24.200000762939453 5.250238418579102 194.87998962402344 12.00466537475586 22.28000259399414 9.146966934204102 29.16334762402343
112667 59555.300002 2021-12-07T07:12:00.173 605.371887 main BACKUP 42.535127 167.085462 0.0 0.0 23.53999900817871 3.6909351348876953 193.760009765625 9.243268966674805 27.67999839782715 7.546985626220703 26.674547765624993
112668 59555.308833 2021-12-07T07:24:43.171 329.432526 main BACKUP 43.638198 166.723734 2.0 1.0 24.53333282470703 3.564173460006714 201.76666259765625 0.40414658188819885 17.399999618530273 7.432361125946045 35.04292859765624
112670 59555.33436 2021-12-07T08:01:28.704 610.674744 main BACKUP 41.579385 163.817734 2.0 2.0 23.03999900817871 1.8889150619506836 186.8000030517578 2.0469532012939453 20.520000457763672 3.314664602279663 22.98226905175781
112671 59555.343289 2021-12-07T08:14:20.170 606.770874 main BACKUP 45.440556 166.547693 8.0 3.0 23.15999984741211 4.439369201660156 188.5 10.74314022064209 24.439998626708984 9.796070098876953 21.95230699999999
112672 59555.352126 2021-12-07T08:27:03.686 609.843628 main BACKUP 43.655698 167.579904 5.0 1.0 22.760000228881836 3.513260841369629 189.54000854492188 11.716142654418945 23.479999542236328 8.15579605102539 21.960104544921876
112673 59555.361513 2021-12-07T08:40:34.723 606.699402 main BACKUP 60.538745 150.452149 16.0 7.0 25.46000099182129 4.693399429321289 175.63999938964844 10.933114051818848 27.640003204345703 1.0310187339782715 25.187850389648446
112674 59555.370413 2021-12-07T08:53:23.683 522.916382 main BACKUP 58.580207 153.452366 12.0 6.0 22.375 0.7274379730224609 185.9250030517578 9.296728134155273 27.100000381469727 6.0348992347717285 32.4726370517578
112675 59555.378937 2021-12-07T09:05:40.157 1534.532959 main BRIGHT 43.962906 139.018672 14.0 5.0 22.924997329711914 3.329516887664795 182.07501220703125 13.53017807006836 26.316667556762695 8.44122314453125 43.05634020703124
112677 59555.398555 2021-12-07T09:33:55.152 610.27533 main BRIGHT 47.363169 138.080999 12.0 7.0 28.760000228881836 1.0876578092575073 184.4600067138672 9.799641609191895 31.6200008392334 4.264035224914551 46.379007713867196
112678 59555.408092 2021-12-07T09:47:39.149 1168.144531 main DARK 61.166556 115.845537 2.0 2.0 17.0 2.888338327407837 171.02223205566406 17.46308708190918 19.30000114440918 6.848722457885742 55.17669505566407
112679 59555.425593 2021-12-07T10:12:51.235 1731.675903 main BRIGHT 45.664 149.098908 1.0 0.0 24.414281845092773 5.116467475891113 192.95713806152344 11.511646270751953 24.157140731811523 7.437298774719238 43.85823006152344
112680 59555.446588 2021-12-07T10:43:05.203 426.315521 main BRIGHT 48.530694 159.657064 0.0 0.0 20.625 1.6194133758544922 192.25 8.490585327148438 20.725000381469727 8.917539596557617 32.59293600000001
112681 59555.455437 2021-12-07T10:55:49.757 609.374878 main BACKUP 44.387137 173.983467 4.0 2.0 30.17999839782715 2.100476026535034 185.1999969482422 2.9605724811553955 27.239999771118164 1.0830516815185547 11.216529948242197
112682 59555.464452 2021-12-07T11:08:48.653 610.2995 main BACKUP 44.378114 165.937913 3.0 3.0 22.625 3.133023262023926 183.6999969482422 5.611892223358154 22.75 5.059974193572998 17.76208394824218
