extended_exposure_data.ecsv
# %ECSV 1.0
# ---
# datatype:
# - {name: EXPID, datatype: int64}
# - {name: MJD, datatype: float64}
# - {name: TIMESTAMP, datatype: string}
# - {name: SURVEY, datatype: string}
# - {name: PROGRAM, datatype: string}
# - {name: MOUNT_EL, datatype: float64}
# - {name: MOUNT_AZ, datatype: float64}
# - {name: WIND_GUST_SUM, datatype: float64}
# - {name: WIND_SHAKE_SUM, datatype: float64}
# - {name: WIND_SPEED_AVG, datatype: float64}
# - {name: WIND_SPEED_STD, datatype: float64}
# - {name: WIND_DIRECTION_AVG, datatype: float64}
# - {name: WIND_DIRECTION_STD, datatype: float64}
# - {name: GUST_AVG, datatype: float64}
# - {name: GUST_STD, datatype: float64}
# - {name: WIND_OPENING_ANGLE, datatype: float64}
# meta: !!omap
# - __serialized_columns__:
#     TIMESTAMP:
#       __class__: astropy.time.core.Time
#       format: isot
#       in_subfmt: '*'
#       out_subfmt: '*'
#       precision: 3
#       scale: utc
#       value: !astropy.table.SerializedColumn {name: TIMESTAMP}
# schema: astropy-2.0
EXPID MJD TIMESTAMP SURVEY PROGRAM MOUNT_EL MOUNT_AZ WIND_GUST_SUM WIND_SHAKE_SUM WIND_SPEED_AVG WIND_SPEED_STD WIND_DIRECTION_AVG WIND_DIRECTION_STD GUST_AVG GUST_STD WIND_OPENING_ANGLE
[from data line 3332]
118177 59591.312768 2022-01-12T07:30:23.155 main BACKUP 57.936437 181.473499 0.0 0.0 28.299999237060547 0.8485273122787476 71.30000305175781 0.42426300048828125 22.049999237060547 0.3535533845424652 110.17349594824219
118178 59591.321738 2022-01-12T07:43:18.163 main BACKUP 47.124402 170.569824 0.0 0.0 27.399999618530273 0.0 76.5 0.1414192020893097 21.549999237060547 0.3535533845424652 94.06982400000001
118179 59591.330667 2022-01-12T07:56:09.629 main BACKUP 42.667392 161.455591 0.0 0.0 29.349998474121094 0.6363958716392517 75.1500015258789 1.7677669525146484 21.549999237060547 1.626346468925476 86.30558947412109
118180 59591.339707 2022-01-12T08:09:10.685 main BACKUP 33.201944 172.518189 1.0 1.0 26.76666831970215 0.3511888086795807 72.49999237060547 0.984886646270752 21.80000114440918 0.2645750641822815 100.01819662939454
118181 59591.348949 2022-01-12T08:22:29.194 main BRIGHT 50.430188 145.693752 1.0 0.0 27.060001373291016 1.84200918674469 72.65999603271484 2.094754934310913 20.459999084472656 1.3371614217758179 73.03375596728515
118182 59591.36767 2022-01-12T08:49:26.688 main BRIGHT 53.318643 155.976378 3.0 1.0 28.0 1.3490742444992065 68.68000030517578 1.3682101964950562 21.68000030517578 1.6130715608596802 87.29637769482423
118184 59591.384921 2022-01-12T09:14:17.174 main BACKUP 43.435948 166.310491 0.0 0.0 27.23333168029785 0.702376663684845 67.16666412353516 2.1079211235046387 21.600000381469727 1.6462074518203735 99.14382687646486
118185 59591.393781 2022-01-12T09:27:02.678 main BACKUP 40.581184 157.828205 2.0 2.0 28.33333396911621 0.8082905411720276 67.46666717529297 2.020725965499878 20.76666831970215 2.3965256214141846 90.36153782470703
118186 59591.402472 2022-01-12T09:39:33.581 main BACKUP 42.720472 165.821654 0.0 0.0 29.23333168029785 1.7097761631011963 70.0 1.389243245124817 22.69999885559082 1.178983211517334 95.821654
118187 59591.411425 2022-01-12T09:52:27.120 main BACKUP 48.063154 154.008002 0.0 0.0 31.26666831970215 0.6429103016853333 72.96666717529297 1.6165825128555298 24.16666603088379 2.050203323364258 81.04133482470704
118188 59591.420129 2022-01-12T10:04:59.146 main BACKUP 42.421623 157.732259 1.0 0.0 30.53333282470703 0.5507569313049316 73.73332977294922 0.41633111238479614 24.16666603088379 0.4509247839450836 83.99892922705078
118189 59591.428804 2022-01-12T10:17:28.666 main BACKUP 41.990707 157.563457 0.0 0.0 30.866666793823242 1.656300663948059 74.0666732788086 1.6258317232131958 23.966665267944336 0.960902214050293 83.4967837211914
118190 59591.437501 2022-01-12T10:30:00.086 main BACKUP 41.535112 157.183862 3.0 2.0 28.899999618530273 1.1269431114196777 78.39999389648438 0.20000076293945312 22.633333206176758 1.2858200073242188 78.78386810351563
118191 59591.446125 2022-01-12T10:42:25.200 main BACKUP 44.354708 157.186923 0.0 0.0 26.866666793823242 0.40414562821388245 80.03333282470703 0.9073763489723206 22.53333282470703 1.270171046257019 77.15359017529298
118192 59591.45488 2022-01-12T10:55:01.632 main BACKUP 47.487101 170.932252 4.0 3.0 27.16666603088379 1.4640125036239624 80.73332977294922 2.400695323944092 22.76666831970215 0.8326666355133057 90.19892222705079
118193 59591.46359 2022-01-12T11:07:34.176 main BACKUP 47.034897 170.668229 1.0 0.0 27.399999618530273 0.8185344338417053 81.53333282470703 1.7785779237747192 21.76666831970215 2.948446035385132 89.13489617529297
118194 59591.47231 2022-01-12T11:20:07.584 main BACKUP 43.362432 168.999986 0.0 0.0 26.950000762939453 0.3535533845424652 84.80000305175781 0.14142459630966187 20.200000762939453 1.1313711404800415 84.1999829482422
118195 59591.480945 2022-01-12T11:32:33.648 main BACKUP 46.065592 169.716742 0.0 0.0 30.349998474121094 0.7778177261352539 74.8499984741211 0.3535533845424652 22.950000762939453 0.6363958716392517 94.86674352587892
118196 59591.489585 2022-01-12T11:45:00.144 main BACKUP 43.220379 172.858736 1.0 0.0 29.0 1.1313698291778564 70.44999694824219 2.1920299530029297 20.150001525878906 2.1920313835144043 102.4087390517578
118197 59591.498214 2022-01-12T11:57:25.690 main BACKUP 45.865979 173.720691 0.0 0.0 28.299999237060547 0.5656862258911133 68.4000015258789 0.5656875967979431 20.0 0.42426300048828125 105.32068947412108
118198 59591.506981 2022-01-12T12:10:03.158 main BRIGHT 50.566771 168.116063 0.0 0.0 27.939998626708984 1.2095457315444946 67.5 2.154066324234009 22.220001220703125 1.1211600303649902 100.616063
118199 59591.524209 2022-01-12T12:34:51.658 main BRIGHT 52.67804 168.573823 2.0 0.0 28.779998779296875 0.47644534707069397 67.44000244140625 1.2798430919647217 22.65999984741211 1.2739707231521606 101.13382055859375
118200 59591.535783 2022-01-12T12:51:31.651 main BRIGHT 53.18389 175.745823 0.0 0.0 26.1200008392334 1.5039945840835571 63.70000076293945 2.158703088760376 20.03999900817871 0.6188698410987854 112.04582223706055
118201 59591.551547 2022-01-12T13:14:13.661 main BRIGHT 53.142665 185.228849 0.0 0.0 23.67500114440918 0.5852347612380981 67.625 2.684988021850586 18.625 1.78395676612854 117.603849
118312 59592.073318 2022-01-13T01:45:34.675 main BRIGHT 52.720042 205.376627 0.0 0.0 21.220001220703125 0.7429670691490173 82.95999908447266 0.6542176008224487 16.479999542236328 0.9984988570213318 122.41662791552736
118313 59592.087693 2022-01-13T02:06:16.675 main BACKUP 45.619597 359.854641 0.0 0.0 22.899999618530273 0.5656849145889282 86.5 0.7071067690849304 17.600000381469727 0.8485286831855774 86.64535899999998
118314 59592.096726 2022-01-13T02:19:17.126 main BACKUP 49.267368 5.378838 0.0 0.0 20.950000762939453 1.3435026407241821 92.69999694824219 2.1213202476501465 16.100000381469727 0.5656855702400208 87.32115894824219
118315 59592.105453 2022-01-13T02:31:51.139 main BACKUP 46.241369 2.37952 0.0 0.0 19.450000762939453 0.21213284134864807 97.94999694824219 0.4949779808521271 14.350000381469727 0.9192389845848083 95.57047694824219
118316 59592.114452 2022-01-13T02:44:48.653 main BACKUP 50.420151 7.490662 0.0 0.0 19.950000762939453 0.7778177261352539 100.9000015258789 0.7071067690849304 16.049999237060547 0.07071094959974289 93.4093395258789
118317 59592.123139 2022-01-13T02:57:19.210 main BACKUP 47.477624 4.704489 0.0 0.0 20.799999237060547 0.14142055809497833 99.25 0.21213418245315552 16.5 0.14142189919948578 94.545511
118318 59592.13451 2022-01-13T03:13:41.664 main BRIGHT 35.355497 213.535614 0.0 0.0 20.040000915527344 0.32093653082847595 99.91999816894531 1.052139163017273 15.5 0.2549508213996887 113.6156158310547
118325 59592.214331 2022-01-13T05:08:38.198 main BACKUP 45.701745 6.29189 0.0 0.0 13.399999618530273 0.14142122864723206 120.8499984741211 1.0606601238250732 10.549999237060547 0.49497461318969727 114.5581084741211
118326 59592.223103 2022-01-13T05:21:16.099 main BACKUP 52.972832 5.422098 0.0 0.0 13.199999809265137 0.4242643415927887 121.5999984741211 0.8485260009765625 9.949999809265137 0.3535533845424652 116.17790047412109
118327 59592.233931 2022-01-13T05:36:51.638 main BACKUP 42.179296 159.651386 3.0 0.0 13.633334159851074 0.6658329367637634 124.5333251953125 2.458322048187256 10.833333015441895 0.6806859970092773 35.1180608046875
118328 59592.242635 2022-01-13T05:49:23.664 main BACKUP 42.281871 168.15429 12.0 6.0 14.600001335144043 0.5 124.5 3.1432487964630127 11.300000190734863 0.3464103937149048 43.65429
118329 59592.252016 2022-01-13T06:02:54.182 main BRIGHT 51.76332 120.910897 13.0 4.0 14.5600004196167 0.29664766788482666 132.5399932861328 5.520238399505615 10.960000038146973 0.3435113728046417 11.629096286132807
118330 59592.267583 2022-01-13T06:25:19.171 main BRIGHT 55.851745 127.822867 0.0 0.0 6.440000057220459 0.7436397075653076 191.77999877929688 13.71757984161377 4.940000057220459 0.8792041540145874 63.95713177929687
118331 59592.279128 2022-01-13T06:41:56.659 main BRIGHT 49.461062 137.568658 0.0 0.0 9.075000762939453 1.187083125114441 160.125 11.417349815368652 7.324999809265137 0.43493279814720154 22.556342
118332 59592.297953 2022-01-13T07:09:03.139 main BRIGHT 52.559116 138.669151 0.0 0.0 11.100000381469727 1.890767216682434 150.16000366210938 1.329663872718811 7.960000038146973 0.47222888469696045 11.490852662109376
118333 59592.309522 2022-01-13T07:25:42.701 main BRIGHT 53.453501 139.05801 0.0 0.0 6.71999979019165 0.38987183570861816 155.81997680664062 7.868100643157959 5.079999923706055 0.1303839236497879 16.76196680664063
118334 59592.322253 2022-01-13T07:44:02.659 main BRIGHT 53.592993 141.092598 0.0 0.0 3.379999876022339 1.8539148569107056 175.45999145507812 21.427621841430664 2.2799999713897705 0.7628892064094543 34.367393455078115
118335 59592.33554 2022-01-13T08:03:10.656 main BRIGHT 48.471206 140.602748 0.0 0.0 2.059999942779541 0.6542170643806458 94.49999237060547 104.6808090209961 1.6400001049041748 0.5319774150848389 46.10275562939452
118336 59592.340366 2022-01-13T08:10:07.622 main BRIGHT 53.391712 144.83325 0.0 0.0 2.620000123977661 0.7155418395996094 237.7799835205078 135.74806213378906 2.240000009536743 0.6148170232772827 92.94673352050782
118337 59592.350089 2022-01-13T08:24:07.690 main DARK 65.81245 119.354183 0.0 0.0 3.7599997520446777 1.3184164762496948 125.96000671386719 129.99636840820312 3.0399999618530273 1.150072455406189 6.605823713867181
118338 59592.361831 2022-01-13T08:41:02.198 main DARK 68.991346 126.679553 0.0 0.0 5.050000190734863 0.815475344657898 56.06999588012695 62.592864990234375 3.879999876022339 0.6442912220954895 70.60955711987305
118339 59592.381078 2022-01-13T09:08:45.139 main BRIGHT 52.670109 153.142582 0.0 0.0 3.200000047683716 0.9137833714485168 88.82000732421875 12.439332008361816 3.4599997997283936 0.4159327447414398 64.32257467578125
118340 59592.392618 2022-01-13T09:25:22.195 main BRIGHT 49.981346 161.012206 0.0 0.0 4.0 1.1683320999145508 165.8199920654297 155.95042419433594 3.2800002098083496 1.0401923656463623 4.8077860654296956
118341 59592.405951 2022-01-13T09:44:34.166 main BRIGHT 50.207832 158.786051 0.0 0.0 6.0199995040893555 0.3962322771549225 57.2599983215332 39.20259094238281 5.039999961853027 0.1816590130329132 101.52605267846678
118342 59592.413764 2022-01-13T09:55:49.210 main BRIGHT 52.939632 158.614709 0.0 0.0 6.525000095367432 0.7274383902549744 16.600000381469727 6.638272285461426 5.25 0.19148549437522888 142.01470861853028
118343 59592.420714 2022-01-13T10:05:49.690 main DARK 72.246476 127.398833 1.0 0.0 6.099999904632568 0.7433034181594849 34.91111373901367 31.95099449157715 5.266666889190674 0.6363961100578308 92.48771926098632
118344 59592.436662 2022-01-13T10:28:47.597 main DARK 72.566406 135.880529 0.0 0.0 7.650000095367432 0.9119575619697571 67.00999450683594 104.44380950927734 6.249999523162842 0.5482293963432312 68.87053449316406
118345 59592.451292 2022-01-13T10:49:51.629 main DARK 75.158678 138.402195 0.0 0.0 6.739999294281006 0.5481281876564026 18.610000610351562 4.019245624542236 5.240000247955322 0.5872723460197449 119.79219438964844
118346 59592.463139 2022-01-13T11:06:55.210 main DARK 79.425953 131.703554 0.0 0.0 6.34999942779541 0.719953715801239 30.5 11.391907691955566 5.029999732971191 0.6429964303970337 101.203554
118347 59592.475627 2022-01-13T11:24:54.173 main DARK 82.894994 128.405492 0.0 0.0 6.410000801086426 0.8862530589103699 32.43000030517578 11.139822959899902 4.789999961853027 0.929097592830658 95.97549169482423
118348 59592.488034 2022-01-13T11:42:46.138 main DARK 78.012483 155.322948 0.0 0.0 5.899999618530273 2.390606641769409 161.1666717529297 141.60072326660156 4.57777738571167 2.0023598670959473 5.843723752929691
118349 59592.500453 2022-01-13T12:00:39.139 main DARK 72.161703 163.103728 0.0 0.0 6.55555534362793 1.4934114217758179 127.86666870117188 143.12899780273438 5.5 1.3171941041946411 35.237059298828115
118350 59592.512959 2022-01-13T12:18:39.658 main DARK 60.981754 173.579286 0.0 0.0 8.270000457763672 1.0812029838562012 21.490001678466797 9.172476768493652 6.449999809265137 0.6704062223434448 152.0892843215332
118351 59592.52686 2022-01-13T12:38:40.704 main DARK 49.185688 167.278583 0.0 0.0 8.122222900390625 0.4657730758190155 42.82222366333008 6.533333778381348 6.033333778381348 0.3774917721748352 124.45635933666992
118352 59592.545546 2022-01-13T13:05:35.174 main DARK 54.421267 180.609632 2.0 1.0 8.155555725097656 0.6691620349884033 61.56666564941406 12.170660972595215 6.322221755981445 0.5286250710487366 119.04296635058594
118353 59592.557519 2022-01-13T13:22:49.642 main BRIGHT 85.421033 355.920495 0.0 0.0 10.780000686645508 0.5449770092964172 60.040000915527344 4.8552045822143555 8.320000648498535 0.32710859179496765 64.11950591552733
118354 59592.562733 2022-01-13T13:30:20.131 main BRIGHT 66.35241 174.319659 0.0 0.0 10.180000305175781 0.5357239842414856 65.84000396728516 3.514683961868286 7.940000057220459 0.6503846049308777 108.47965503271485
118494 59593.083959 2022-01-14T02:00:54.058 main BRIGHT 50.733643 212.488612 0.0 0.0 2.5199999809265137 0.3420526385307312 156.51998901367188 126.79444885253906 1.9399999380111694 0.25099796056747437 55.968622986328114
118495 59593.086395 2022-01-14T02:04:24.528 main BRIGHT 41.082315 194.797709 0.0 0.0 2.120000123977661 0.7190271019935608 132.1999969482422 122.96635437011719 1.7400000095367432 0.5224940180778503 62.59771205175781
118497 59593.093629 2022-01-14T02:14:49.546 main BRIGHT 54.560151 203.991601 0.0 0.0 2.4000000953674316 0.39370042085647583 303.67999267578125 22.874801635742188 1.71999990940094 0.44384682178497314 99.68839167578125
118498 59593.109225 2022-01-14T02:37:17.040 main BRIGHT 54.409169 216.980576 0.0 0.0 2.4800000190734863 0.8927485346794128 236.8199920654297 6.718408107757568 2.059999942779541 0.9864076375961304 19.839416065429674
118499 59593.126476 2022-01-14T03:02:07.526 main BRIGHT 52.439678 220.681563 0.0 0.0 10.140000343322754 0.6107369661331177 243.6800079345703 2.341362714767456 7.880000114440918 0.6300792694091797 22.9984449345703
118500 59593.141534 2022-01-14T03:23:48.538 main BRIGHT 49.073879 227.910385 0.0 0.0 11.860000610351562 0.415932834148407 238.60000610351562 3.027379274368286 9.119999885559082 0.6906520128250122 10.689621103515634
118501 59593.154688 2022-01-14T03:42:45.043 main BACKUP 41.222981 0.378534 2.0 0.0 12.950000762939453 0.21213217079639435 246.10000610351562 1.2727943658828735 10.149999618530273 0.49497461318969727 114.27852789648438
118502 59593.163513 2022-01-14T03:55:27.523 main BACKUP 46.335449 3.015914 0.0 0.0 14.0 0.9899492263793945 253.14999389648438 0.6364026069641113 11.0 0.9899492263793945 109.86592010351563
118503 59593.172489 2022-01-14T04:08:23.050 main BACKUP 45.21052 6.307409 0.0 0.0 16.299999237060547 0.5656862258911133 253.64999389648438 1.6263477802276611 12.800000190734863 0.7071067690849304 112.65741510351563
118504 59593.181325 2022-01-14T04:21:06.480 main BACKUP 43.223207 1.826841 0.0 0.0 16.16666603088379 0.9073775410652161 250.1666717529297 1.3576889038085938 12.0 1.1789827346801758 111.66016924707031
118505 59593.190179 2022-01-14T04:33:51.466 main BACKUP 40.116608 2.363953 0.0 0.0 15.466667175292969 0.3511883318424225 249.433349609375 3.470355272293091 11.733333587646484 0.5033223032951355 112.93060339062501
118506 59593.19912 2022-01-14T04:46:43.968 main BACKUP 45.232501 7.767918 0.0 0.0 15.466667175292969 0.5686242580413818 254.1999969482422 2.3302342891693115 11.833333015441895 0.5686242580413818 113.56792105175782
118507 59593.210406 2022-01-14T05:02:59.078 main BACKUP 31.968568 170.509 0.0 0.0 16.5 0.8485286831855774 248.1999969482422 0.9899451732635498 14.899999618530273 0.28284311294555664 77.6909969482422
118508 59593.219445 2022-01-14T05:16:00.048 main BRIGHT 48.411013 12.949774 0.0 0.0 17.760000228881836 0.45055532455444336 247.48001098632812 1.1300450563430786 14.160000801086426 1.011434555053711 125.46976301367187
118509 59593.232963 2022-01-14T05:35:28.003 main BRIGHT 50.915166 16.787701 0.0 0.0 16.520000457763672 2.252110242843628 249.72000122070312 2.4159905910491943 14.160000801086426 3.478217601776123 127.06769977929687
