extended_exposure_data.ecsv
# %ECSV 1.0
# ---
# datatype:
# - {name: EXPID, datatype: int64}
# - {name: MJD, datatype: float64}
# - {name: TIMESTAMP, datatype: string}
# - {name: SURVEY, datatype: string}
# - {name: PROGRAM, datatype: string}
# - {name: MOUNT_EL, datatype: float64}
# - {name: MOUNT_AZ, datatype: float64}
# - {name: WIND_GUST_SUM, datatype: float64}
# - {name: WIND_SHAKE_SUM, datatype: float64}
# - {name: WIND_SPEED_AVG, datatype: float64}
# - {name: WIND_SPEED_STD, datatype: float64}
# - {name: WIND_DIRECTION_AVG, datatype: float64}
# - {name: WIND_DIRECTION_STD, datatype: float64}
# - {name: GUST_AVG, datatype: float64}
# - {name: GUST_STD, datatype: float64}
# - {name: WIND_OPENING_ANGLE, datatype: float64}
# meta: !!omap
# - __serialized_columns__:
#     TIMESTAMP:
#       __class__: astropy.time.core.Time
#       format: isot
#       in_subfmt: '*'
#       out_subfmt: '*'
#       precision: 3
#       scale: utc
#       value: !astropy.table.SerializedColumn {name: TIMESTAMP}
# schema: astropy-2.0
EXPID MJD TIMESTAMP SURVEY PROGRAM MOUNT_EL MOUNT_AZ WIND_GUST_SUM WIND_SHAKE_SUM WIND_SPEED_AVG WIND_SPEED_STD WIND_DIRECTION_AVG WIND_DIRECTION_STD GUST_AVG GUST_STD WIND_OPENING_ANGLE
[from data line 20675]
256660 60590.320733 2024-10-07T07:41:51.331 main DARK 75.200988 225.356425 1.0 0.0 15.322221755981445 1.0568559169769287 334.27777099609375 17.98872947692871 14.511110305786133 1.5398411750793457 108.92134599609375
256661 60590.334065 2024-10-07T08:01:03.216 main DARK 75.845012 257.777727 0.0 0.0 16.69999885559082 0.8351647257804871 344.13330078125 7.298973560333252 14.255556106567383 1.4222438335418701 86.35557378124997
256662 60590.346946 2024-10-07T08:19:36.134 main DARK 80.351384 245.80378 0.0 0.0 16.33333396911621 0.8602323532104492 92.31111145019531 135.12057495117188 12.977777481079102 1.204966425895691 153.49266854980468
256663 60590.361905 2024-10-07T08:41:08.592 main DARK 79.928163 262.075988 0.0 0.0 13.733332633972168 1.9410048723220825 35.022220611572266 18.010122299194336 11.15555477142334 1.4457792043685913 132.94623261157227
256664 60590.374768 2024-10-07T08:59:39.955 main DARK 76.28198 250.848678 0.0 0.0 11.922222137451172 2.223048448562622 26.677776336669922 10.789205551147461 9.944445610046387 1.551701545715332 135.82909833666992
256665 60590.391093 2024-10-07T09:23:10.435 main DARK 39.705501 197.978872 0.0 0.0 11.499999046325684 0.6244998574256897 28.5 5.735415458679199 8.533333778381348 1.84797203540802 169.478872
256666 60590.409404 2024-10-07T09:49:32.506 main DARK 41.808056 192.195146 0.0 0.0 14.110000610351562 1.466249942779541 59.01000213623047 75.52481079101562 12.639999389648438 1.5298511981964111 133.18514386376953
256667 60590.426928 2024-10-07T10:14:46.579 main DARK 48.181104 46.973335 1.0 0.0 16.1299991607666 1.0328490734100342 23.029998779296875 3.9874942302703857 12.510000228881836 0.6887184381484985 23.943336220703124
256668 60590.442992 2024-10-07T10:37:54.509 main DARK 53.948032 38.268487 1.0 0.0 14.860000610351562 1.345940351486206 31.139999389648438 5.987802505493164 11.370000839233398 1.3098344802856445 7.128487610351563
256669 60590.456398 2024-10-07T10:57:12.787 main DARK 53.557117 32.412013 0.0 0.0 14.469998359680176 0.5100109577178955 38.119998931884766 2.144139528274536 11.140000343322754 0.4501851499080658 5.707985931884764
256670 60590.46977 2024-10-07T11:16:28.128 main DARK 55.706431 35.837577 0.0 0.0 13.230000495910645 0.6325433254241943 33.290000915527344 2.0365817546844482 10.059999465942383 0.9559174180030823 2.5475760844726594
256671 60590.484756 2024-10-07T11:38:02.918 main DARK 51.736793 53.259265 0.0 0.0 13.811110496520996 0.4728754758834839 33.66666793823242 1.8801590204238892 10.411110877990723 0.5206833481788635 19.592597061767577
256672 60590.496854 2024-10-07T11:55:28.186 main DARK 56.283879 39.471396 4.0 0.0 13.588889122009277 0.7975656986236572 37.977779388427734 3.505274534225464 10.688888549804688 1.3080945014953613 1.4936166115722642
256673 60590.512427 2024-10-07T12:17:53.693 main BRIGHT 44.15869 212.436147 0.0 0.0 12.940000534057617 0.5319772958755493 42.8599967956543 3.4918465614318848 9.700000762939453 1.623268485069275 169.5761502043457
256674 60590.517347 2024-10-07T12:24:58.781 main BRIGHT 58.110119 81.670381 0.0 0.0 11.4399995803833 1.4432603120803833 50.060001373291016 8.025147438049316 8.880000114440918 0.7014272212982178 31.61037962670899
256803 60591.089309 2024-10-08T02:08:36.298 main BRIGHT 48.067151 147.103522 0.0 0.0 19.040000915527344 1.7008819580078125 299.52001953125 4.107561111450195 14.300000190734863 1.28840970993042 152.41649753125
256804 60591.105774 2024-10-08T02:32:18.874 main BRIGHT 42.790198 134.660351 0.0 0.0 15.659998893737793 0.3781532645225525 309.1399841308594 1.141489863395691 13.780000686645508 0.8167009949684143 174.47963313085938
256805 60591.118245 2024-10-08T02:50:16.368 main DARK 47.707429 159.9226 0.0 0.0 14.559999465942383 1.2885823249816895 318.2400207519531 4.9726386070251465 12.15999984741211 1.7740098237991333 158.31742075195314
256806 60591.136747 2024-10-08T03:16:54.941 main DARK 49.1732 169.397449 0.0 0.0 10.955554962158203 1.0051257610321045 326.6333312988281 21.625391006469727 9.366666793823242 1.1324751377105713 157.23588229882813
256807 60591.152111 2024-10-08T03:39:02.390 main DARK 47.077627 169.550839 0.0 0.0 11.40999984741211 1.1522443294525146 331.6700134277344 13.72386360168457 10.559999465942383 1.2393548488616943 162.11917442773438
256808 60591.175783 2024-10-08T04:13:07.651 main DARK 44.749081 175.738937 0.0 0.0 11.429999351501465 1.3132233619689941 322.58001708984375 19.57854461669922 11.070000648498535 2.2286267280578613 146.84108008984376
256809 60591.196771 2024-10-08T04:43:21.014 main DARK 45.844796 179.276261 1.0 0.0 16.122220993041992 2.052302122116089 30.38888931274414 28.274127960205078 13.300000190734863 1.3462913036346436 148.88737168725586
256810 60591.215991 2024-10-08T05:11:01.622 main DARK 45.594149 178.539789 0.0 0.0 15.022221565246582 2.063842296600342 36.011112213134766 27.85944366455078 13.90000057220459 1.580348014831543 142.52867678686525
256811 60591.235353 2024-10-08T05:38:54.499 main DARK 45.11619 183.537328 0.0 0.0 13.566666603088379 1.4941551685333252 41.25555419921875 13.94355583190918 11.44444465637207 1.7198193073272705 142.28177380078125
256812 60591.253913 2024-10-08T06:05:38.083 main DARK 44.431728 183.097867 0.0 0.0 12.910000801086426 0.793655276298523 36.36000061035156 7.4522480964660645 9.989999771118164 0.5445692539215088 146.73786638964845
256813 60591.273012 2024-10-08T06:33:08.237 main DARK 70.810191 222.918861 0.0 0.0 12.09999942779541 0.916515052318573 74.20999908447266 11.802865982055664 9.369999885559082 0.6929005980491638 148.70886191552734
256814 60591.285731 2024-10-08T06:51:27.158 main DARK 71.767849 230.78495 0.0 0.0 14.730000495910645 1.0349987745285034 90.3499984741211 4.336985111236572 11.739999771118164 0.8871929049491882 140.43495152587892
256815 60591.299012 2024-10-08T07:10:34.637 main DARK 71.663033 242.016572 0.0 0.0 17.700000762939453 0.9213513731956482 97.70999908447266 2.3974292278289795 13.729998588562012 0.8446564674377441 144.30657291552734
256816 60591.311968 2024-10-08T07:29:14.035 main DARK 76.153978 253.406008 3.0 2.0 20.520000457763672 1.702155590057373 103.3499984741211 1.6242948770523071 16.249998092651367 1.7148045301437378 150.05600952587892
256817 60591.323947 2024-10-08T07:46:29.021 main DARK 76.343436 256.84589 24.0 9.0 24.809999465942383 1.9513241052627563 108.7699966430664 2.6882667541503906 19.700000762939453 1.5231544971466064 148.0758933569336
256818 60591.335097 2024-10-08T08:02:32.381 main DARK 76.382196 256.469852 9.0 3.0 25.366666793823242 1.1291590929031372 106.51111602783203 2.60213565826416 19.72222137451172 1.1997685432434082 149.95873597216797
256819 60591.346809 2024-10-08T08:19:24.298 main DARK 73.966564 250.181652 0.0 0.0 23.322223663330078 0.3113590180873871 104.77777862548828 2.7900614738464355 18.477779388427734 0.6078193187713623 145.40387337451173
256820 60591.359598 2024-10-08T08:37:49.267 main DARK 76.960447 258.091179 0.0 0.0 24.200000762939453 0.6819092631340027 111.18888092041016 1.991509199142456 19.23333168029785 1.1113054752349854 146.90229807958985
256821 60591.372744 2024-10-08T08:56:45.082 main DARK 75.323769 215.504105 0.0 0.0 24.866666793823242 0.9486832022666931 114.5111083984375 0.9319927096366882 19.288888931274414 1.3860416412353516 100.99299660156251
256822 60591.386868 2024-10-08T09:17:05.395 main DARK 76.056995 246.463231 0.0 0.0 26.119998931884766 0.975021243095398 116.92999267578125 1.517343521118164 19.53999900817871 1.6049919128417969 129.53323832421876
256823 60591.401144 2024-10-08T09:37:38.842 main DARK 70.651291 264.3926 0.0 0.0 26.42999839782715 0.7134421467781067 117.45999908447266 1.9224973917007446 21.259998321533203 1.0782699584960938 146.93260091552736
256824 60591.416839 2024-10-08T10:00:14.890 main DARK 37.823747 201.549838 0.0 0.0 25.711111068725586 0.9492683410644531 121.11111450195312 2.1050193309783936 20.111112594604492 0.8681076169013977 80.43872349804687
256825 60591.433982 2024-10-08T10:24:56.045 main DARK 40.397591 200.262923 0.0 0.0 24.920001983642578 0.5533734560012817 125.5199966430664 1.366099238395691 19.64000129699707 0.7275530099868774 74.7429263569336
256826 60591.451831 2024-10-08T10:50:38.198 main DARK 34.912116 208.682436 0.0 0.0 24.788888931274414 1.1140515804290771 126.65555572509766 1.2570933103561401 18.955554962158203 1.0783215761184692 82.02688027490234
256827 60591.474821 2024-10-08T11:23:44.534 main DARK 52.240026 39.93388 0.0 0.0 22.15999984741211 0.6467009782791138 126.9800033569336 0.482585608959198 17.219999313354492 0.6844301223754883 87.04612335693359
256828 60591.493566 2024-10-08T11:50:44.102 main DARK 57.006187 47.920375 0.0 0.0 18.950000762939453 1.6160651445388794 130.85000610351562 2.2993974685668945 14.589999198913574 1.4955120086669922 82.92963110351562
256829 60591.511358 2024-10-08T12:16:21.331 main BRIGHT 57.117825 81.27893 0.0 0.0 13.819999694824219 0.7981226444244385 115.57999420166016 8.471246719360352 10.619999885559082 0.9523652791976929 34.301064201660154
256830 60591.516564 2024-10-08T12:23:51.130 main BRIGHT 68.776207 93.371623 0.0 0.0 12.75 0.6137318015098572 110.17499542236328 3.8047101497650146 9.774999618530273 0.9178778529167175 16.80337242236328
256831 60591.521052 2024-10-08T12:30:18.893 main BRIGHT 58.931178 62.458559 0.0 0.0 10.75 1.4247807264328003 113.85000610351562 2.1079201698303223 8.02500057220459 1.0307765007019043 51.391447103515624
257540 60595.079428 2024-10-12T01:54:22.579 main BRIGHT 51.731585 95.3049 4.0 3.0 17.17999839782715 0.9257425665855408 257.03997802734375 8.154327392578125 14.14000129699707 1.1058934926986694 161.73507802734375
257541 60595.093374 2024-10-12T02:14:27.514 main BRIGHT 53.447501 102.482288 0.0 0.0 16.350000381469727 1.9672315120697021 259.2749938964844 1.7036757469177246 14.850000381469727 3.483771800994873 156.7927058964844
257542 60595.108809 2024-10-12T02:36:41.098 main BRIGHT 54.89759 110.689285 0.0 0.0 17.46000099182129 0.36469152569770813 294.05999755859375 2.6949970722198486 14.519999504089355 0.8348652124404907 176.62928744140623
257543 60595.125788 2024-10-12T03:01:08.083 main BRIGHT 62.48896 106.443179 1.0 1.0 18.200000762939453 1.2355831861495972 290.32501220703125 0.9322851896286011 15.350000381469727 2.6185238361358643 176.11816679296874
257544 60595.138635 2024-10-12T03:19:38.064 main BRIGHT 58.86277 107.312962 5.0 1.0 23.19999885559082 1.2903486490249634 295.760009765625 2.464341402053833 18.34000015258789 0.9787750840187073 171.552952234375
257545 60595.151141 2024-10-12T03:37:38.582 main BRIGHT 59.714326 115.888371 2.0 1.0 20.18000030517578 1.0329567193984985 314.05999755859375 2.422398805618286 15.720001220703125 1.4024975299835205 161.82837344140626
257546 60595.164729 2024-10-12T03:57:12.586 main BRIGHT 63.268171 114.777162 5.0 3.0 20.28000259399414 1.8281140327453613 311.52001953125 3.9156100749969482 16.220001220703125 2.6013457775115967 163.25714246875
257547 60595.184399 2024-10-12T04:25:32.074 main BRIGHT 62.366765 131.744107 3.0 1.0 19.899999618530273 0.8831762075424194 311.8999938964844 0.8246220946311951 15.249999046325684 1.3503084182739258 179.84411310351564
257548 60595.196123 2024-10-12T04:42:25.027 main BRIGHT 65.605014 131.344359 0.0 0.0 16.880001068115234 1.3917611837387085 315.6000061035156 1.4474085569381714 13.780000686645508 0.7694153785705566 175.74435289648437
257549 60595.205064 2024-10-12T04:55:17.530 main BRIGHT 64.323533 139.473705 0.0 0.0 16.10000228881836 0.587367057800293 307.05999755859375 11.275545120239258 14.139999389648438 1.5043270587921143 167.58629255859375
257550 60595.216575 2024-10-12T05:11:52.080 main BRIGHT 75.979106 128.983247 0.0 0.0 15.160000801086426 0.8294579386711121 307.239990234375 1.9346803426742554 12.5 1.2308533191680908 178.256743234375
257551 60595.225279 2024-10-12T05:24:24.106 main BRIGHT 74.74706 143.158746 0.0 0.0 14.300000190734863 0.7842191457748413 305.3199768066406 1.78520929813385 11.440000534057617 0.8561542630195618 162.16123080664062
257552 60595.232674 2024-10-12T05:35:03.034 main DARK 77.736851 194.352377 0.0 0.0 14.149999618530273 0.6883957982063293 304.8799743652344 1.8552029132843018 11.269999504089355 0.7165504693984985 110.52759736523439
257553 60595.249555 2024-10-12T05:59:21.552 main DARK 75.544065 216.660153 0.0 0.0 13.277777671813965 0.6036922335624695 310.0777587890625 2.8154759407043457 10.188888549804688 0.6936217546463013 93.41760578906249
257554 60595.267327 2024-10-12T06:24:57.053 main DARK 77.398635 227.933277 0.0 0.0 13.411110877990723 0.6313564777374268 317.0555725097656 2.965683698654175 10.211111068725586 0.702574610710144 89.12229550976562
257555 60595.279908 2024-10-12T06:43:04.051 main DARK 74.412708 239.035127 0.0 0.0 13.539999008178711 0.668663740158081 320.3599853515625 3.5929582118988037 10.289999961853027 0.9146342277526855 81.32485835156251
257556 60595.293085 2024-10-12T07:02:02.544 main DARK 74.049775 202.717928 0.0 0.0 13.910000801086426 0.6226287484169006 324.04998779296875 1.5020331144332886 10.940000534057617 0.5680376291275024 121.33205979296875
257557 60595.306864 2024-10-12T07:21:53.050 main DARK 43.796912 197.566755 0.0 0.0 13.288888931274414 0.6009251475334167 331.9666748046875 1.5763877630233765 11.09999942779541 0.8986101150512695 134.3999198046875
257558 60595.325753 2024-10-12T07:49:05.059 main DARK 42.975932 192.594714 0.0 0.0 10.61111068725586 1.657139539718628 335.6777648925781 3.422635316848755 9.411110877990723 1.603468418121338 143.08305089257811
257559 60595.343658 2024-10-12T08:14:52.051 main DARK 41.80215 196.258806 0.0 0.0 9.933333396911621 0.7483313679695129 337.54443359375 1.88023042678833 8.866665840148926 0.6745368838310242 141.28562759375
257560 60595.362582 2024-10-12T08:42:07.085 main DARK 40.84684 200.17243 0.0 0.0 10.044445037841797 0.9773831367492676 333.1666564941406 10.137675285339355 9.411110877990723 1.446067452430725 132.99422649414063
257561 60595.37496 2024-10-12T08:59:56.544 main DARK 39.41328 205.362361 0.0 0.0 10.429999351501465 0.8551151752471924 336.9499816894531 3.2401163578033447 8.969999313354492 0.9298148155212402 131.58762068945313
257562 60595.386436 2024-10-12T09:16:28.070 main DARK 39.050198 193.191561 0.0 0.0 11.666666984558105 0.7053366899490356 338.8888854980469 0.9623448848724365 9.40000057220459 0.8139408826828003 145.69732449804687
257563 60595.403218 2024-10-12T09:40:38.035 main DARK 41.056613 194.720825 0.0 0.0 12.420000076293945 0.6142746806144714 340.92999267578125 9.02811336517334 10.449999809265137 1.2972192764282227 146.20916767578126
257564 60595.42051 2024-10-12T10:05:32.064 main DARK 41.180787 198.606262 0.0 0.0 14.155555725097656 0.4419023096561432 337.9111022949219 1.6289901733398438 11.811111450195312 0.40448877215385437 139.3048402949219
257565 60595.441129 2024-10-12T10:35:13.546 main DARK 57.120763 40.274306 0.0 0.0 12.770000457763672 0.8994442820549011 334.6100158691406 3.8266444206237793 11.25 1.0255080461502075 65.6642901308594
257566 60595.455545 2024-10-12T10:55:59.088 main DARK 58.197505 43.021721 0.0 0.0 13.577777862548828 0.7137538194656372 332.3111267089844 1.8196492195129395 11.744444847106934 1.1281744241714478 70.71059429101564
257567 60595.469798 2024-10-12T11:16:30.547 main DARK 55.355308 34.278855 2.0 0.0 12.300000190734863 0.681908905506134 335.4888916015625 3.091296434402466 11.700000762939453 1.0862780809402466 58.78996339843752
257568 60595.482958 2024-10-12T11:35:27.571 main DARK 55.985534 44.992054 1.0 0.0 11.399999618530273 1.0049875974655151 336.9222412109375 3.4127676486968994 10.700000762939453 1.3564659357070923 68.0698127890625
257569 60595.495209 2024-10-12T11:53:06.058 main DARK 56.747932 49.285711 1.0 0.0 12.933333396911621 1.146734356880188 336.8999938964844 1.4713915586471558 11.022221565246582 0.8496731519699097 72.38571710351562
257570 60595.50768 2024-10-12T12:11:03.552 main DARK 60.097276 80.439337 0.0 0.0 11.989999771118164 0.8900061845779419 340.65997314453125 1.6873362064361572 12.3100004196167 0.9689055681228638 99.77936385546877
